0 0.356944 0.898177 0.265741 0.203646
0 0.820833 0.899219 0.295370 0.201563
0 0.693056 0.737760 0.165741 0.117188
0 0.654167 0.629687 0.130556 0.098958
0 0.404167 0.749219 0.156481 0.114062
0 0.417130 0.649740 0.126852 0.075521
0 0.422685 0.585156 0.087963 0.050521
0 0.468056 0.563281 0.067593 0.040104
0 0.147222 0.709896 0.185185 0.131250
0 0.255093 0.623177 0.115741 0.064062
0 0.288426 0.579167 0.106481 0.045833
0 0.342130 0.534635 0.069444 0.036979
2 0.706481 0.780990 0.035185 0.010937
2 0.114352 0.762500 0.030556 0.008333
5 0.611574 0.559635 0.126852 0.108854
