5 0.567778 0.870313 0.162222 0.128125
5 0.321111 0.878125 0.153333 0.118750
5 0.320000 0.793750 0.115556 0.150000
5 0.090000 0.737500 0.122222 0.187500
5 0.494444 0.759375 0.100000 0.218750
5 0.635556 0.729688 0.124444 0.165625
5 0.365556 0.701562 0.131111 0.209375
5 0.588889 0.656250 0.133333 0.137500
5 0.745556 0.817187 0.135556 0.171875
5 0.756667 0.675000 0.140000 0.137500
5 0.613333 0.503125 0.080000 0.137500
5 0.610000 0.365625 0.068889 0.093750
5 0.542222 0.293750 0.075556 0.081250
5 0.678889 0.254688 0.060000 0.071875
5 0.583333 0.204687 0.046667 0.059375
5 0.660000 0.204687 0.053333 0.046875
4 0.834444 0.756250 0.095556 0.187500
4 0.956667 0.779687 0.086667 0.178125
4 0.654444 0.462500 0.055556 0.131250
4 0.713333 0.329688 0.053333 0.096875
4 0.958889 0.489063 0.068889 0.134375
4 0.794444 0.281250 0.051111 0.093750
5 0.432222 0.518750 0.224444 0.306250
5 0.197778 0.514062 0.146667 0.296875
