0 0.189352 0.666667 0.165741 0.109375
0 0.294444 0.588021 0.105556 0.056250
0 0.310648 0.553125 0.084259 0.034375
0 0.348611 0.529948 0.075000 0.033854
0 0.359722 0.874740 0.256481 0.220312
0 0.784259 0.857031 0.248148 0.184896
0 0.405093 0.726562 0.158333 0.106250
0 0.415278 0.642188 0.123148 0.069792
0 0.429630 0.583073 0.105556 0.055729
0 0.462500 0.563802 0.071296 0.041146
0 0.675463 0.713802 0.147222 0.101562
0 0.645833 0.619531 0.121296 0.091146
1 0.345370 0.965885 0.050000 0.014063
1 0.821296 0.935156 0.055556 0.013021
1 0.693519 0.751302 0.033333 0.011979
3 0.539352 0.709115 0.063889 0.092188
5 0.608796 0.558073 0.125000 0.116146
