0 0.366667 0.878125 0.231481 0.215625
0 0.177778 0.684635 0.177778 0.117188
0 0.282870 0.602604 0.106481 0.061458
0 0.309259 0.563802 0.092593 0.041146
0 0.347685 0.533594 0.073148 0.032813
0 0.408796 0.728125 0.158333 0.104167
0 0.414815 0.648177 0.131481 0.074479
0 0.429630 0.583333 0.098148 0.052083
0 0.462963 0.563281 0.081481 0.040104
0 0.808333 0.892708 0.270370 0.214583
0 0.657870 0.713281 0.108333 0.100521
0 0.652315 0.620833 0.130556 0.081250
2 0.145833 0.730729 0.032407 0.005208
2 0.693519 0.753385 0.040741 0.011979
1 0.348148 0.969531 0.044444 0.014063
1 0.847222 0.980469 0.053704 0.015104
5 0.604167 0.558594 0.119444 0.108854
