0 0.249609 0.905093 0.221094 0.189815
0 0.328646 0.880324 0.160938 0.239352
0 0.038021 0.386806 0.072396 0.137500
0 0.107292 0.353009 0.077604 0.117130
0 0.213021 0.306250 0.041146 0.075463
0 0.366146 0.656250 0.161979 0.213426
0 0.379167 0.508333 0.121875 0.154630
0 0.417187 0.467130 0.095312 0.158333
0 0.385677 0.395833 0.089583 0.065741
0 0.385156 0.354167 0.083333 0.051852
0 0.427734 0.328704 0.074219 0.112037
0 0.672526 0.818750 0.192969 0.312500
0 0.650260 0.657870 0.156250 0.191667
0 0.594792 0.540509 0.133854 0.173611
0 0.636068 0.478935 0.103385 0.150463
0 0.605208 0.398148 0.107813 0.114815
0 0.571875 0.396991 0.070312 0.124537
0 0.667188 0.323611 0.043750 0.076852
1 0.364453 0.701852 0.041927 0.020370
1 0.378255 0.539815 0.033594 0.014815
1 0.673438 0.899074 0.048958 0.021296
1 0.588021 0.575463 0.025521 0.013889
6 0.602734 0.293056 0.085156 0.160185
6 0.457552 0.282407 0.048958 0.134259
