0 0.342969 0.766898 0.190625 0.240278
0 0.662370 0.776852 0.171615 0.236111
0 0.706901 0.900694 0.235156 0.198611
0 0.599479 0.603704 0.142187 0.200926
0 0.642708 0.521759 0.105208 0.165741
0 0.622396 0.431944 0.113021 0.128704
0 0.580859 0.424074 0.082031 0.137963
0 0.677604 0.324074 0.035417 0.082407
0 0.366406 0.565741 0.129688 0.175000
0 0.400130 0.502546 0.111719 0.168056
0 0.418099 0.343519 0.085677 0.123148
0 0.035156 0.387963 0.065625 0.124074
0 0.080599 0.354167 0.071094 0.119444
0 0.147917 0.329167 0.072396 0.103704
1 0.343229 0.821065 0.043750 0.023611
1 0.366146 0.596296 0.037500 0.019444
1 0.600130 0.644444 0.038281 0.020370
6 0.617578 0.312963 0.090885 0.184259
6 0.459375 0.281944 0.055208 0.135185
6 0.549089 0.302315 0.045052 0.087963
