0 0.296484 0.921528 0.228385 0.156944
0 0.314323 0.771296 0.171354 0.247222
0 0.351432 0.599074 0.113802 0.149074
0 0.387370 0.512731 0.129427 0.197685
0 0.415625 0.359259 0.072917 0.116667
0 0.437500 0.338889 0.057292 0.104630
0 0.087630 0.352315 0.087760 0.143519
0 0.176563 0.317361 0.063542 0.089352
0 0.218750 0.310185 0.034896 0.076852
0 0.656380 0.786111 0.183594 0.236111
0 0.740625 0.904630 0.226562 0.190741
0 0.597917 0.423148 0.078125 0.133333
0 0.578516 0.356019 0.071094 0.102778
0 0.734766 0.381944 0.094010 0.118519
1 0.312500 0.831250 0.045833 0.023611
1 0.653125 0.844213 0.032292 0.016204
6 0.674479 0.553472 0.153646 0.362500
6 0.451172 0.292130 0.067969 0.169444
