0 0.502451 0.754902 0.119281 0.166667
0 0.077614 0.373775 0.093137 0.120098
0 0.191176 0.270833 0.058824 0.080882
0 0.665850 0.801471 0.122549 0.176471
0 0.891340 0.676471 0.096405 0.156863
0 0.830065 0.567402 0.107843 0.100490
0 0.793301 0.265931 0.063725 0.120098
0 0.953431 0.264706 0.093137 0.098039
3 0.772876 0.770833 0.052288 0.154412
3 0.971405 0.710784 0.047386 0.151961
3 0.678922 0.569853 0.040850 0.115196
3 0.611928 0.560049 0.037582 0.144608
3 0.709967 0.501225 0.034314 0.139706
3 0.837418 0.390931 0.027778 0.110294
3 0.541667 0.273284 0.031046 0.110294
3 0.352124 0.531863 0.044118 0.127451
3 0.057190 0.680147 0.055556 0.159314
4 0.267157 0.602941 0.086601 0.156863
4 0.070261 0.582108 0.091503 0.134804
4 0.146242 0.332108 0.053922 0.105392
4 0.352941 0.881127 0.111111 0.208333
4 0.651961 0.698529 0.084967 0.166667
4 0.806373 0.699755 0.076797 0.169118
4 0.934641 0.523284 0.081699 0.154412
4 0.881536 0.449755 0.066993 0.144608
4 0.712418 0.279412 0.071895 0.098039
4 0.821895 0.291667 0.049020 0.093137
4 0.881536 0.247549 0.080065 0.088235
4 0.457516 0.362745 0.065359 0.112745
4 0.441176 0.259804 0.045752 0.093137
4 0.514706 0.096814 0.035948 0.061275
3 0.122549 0.509804 0.032680 0.137255
3 0.488562 0.215686 0.026144 0.083333
3 0.573529 0.213235 0.022876 0.078431
5 0.289216 0.382353 0.160131 0.289216
