0 0.364815 0.878646 0.238889 0.214583
0 0.178704 0.676823 0.164815 0.113021
0 0.283796 0.599219 0.097222 0.055729
0 0.315741 0.560677 0.087037 0.036979
0 0.345833 0.533594 0.069444 0.036979
0 0.401389 0.728906 0.158333 0.106771
0 0.415741 0.644531 0.129630 0.067187
0 0.430556 0.584635 0.096296 0.054688
0 0.464352 0.565365 0.071296 0.039062
0 0.793981 0.875781 0.260185 0.196354
0 0.679167 0.714323 0.154630 0.102604
0 0.656019 0.622656 0.123148 0.093229
1 0.689815 0.750781 0.033333 0.013021
1 0.352315 0.968750 0.049074 0.012500
1 0.835185 0.955729 0.046296 0.017708
3 0.600926 0.947396 0.094444 0.105208
5 0.601389 0.560677 0.113889 0.108854
