0 0.263672 0.845833 0.187240 0.308333
0 0.350521 0.781019 0.142187 0.237037
0 0.381250 0.597454 0.150521 0.202315
0 0.380339 0.464352 0.105469 0.118519
0 0.425781 0.445139 0.085938 0.145833
0 0.429557 0.323843 0.067969 0.110648
0 0.075260 0.369444 0.086979 0.123148
0 0.196094 0.308565 0.052083 0.089352
0 0.655729 0.723843 0.179688 0.290278
0 0.644661 0.598611 0.139844 0.163889
0 0.585547 0.507176 0.119531 0.172685
0 0.630599 0.452315 0.088802 0.135185
0 0.601823 0.373148 0.101042 0.092593
0 0.551302 0.379630 0.034375 0.112037
0 0.659245 0.321296 0.049740 0.072222
1 0.265104 0.921528 0.056771 0.028241
1 0.379036 0.637500 0.041927 0.015741
1 0.657682 0.800231 0.050260 0.024537
1 0.586458 0.540046 0.022396 0.012500
6 0.596094 0.272222 0.078125 0.123148
6 0.460026 0.281713 0.047656 0.126389
