0 0.353704 0.899219 0.270370 0.201563
0 0.149537 0.710938 0.197222 0.133333
0 0.259722 0.625260 0.115741 0.068229
0 0.290278 0.580990 0.100926 0.044271
0 0.343981 0.534635 0.073148 0.039062
0 0.364815 0.517708 0.044444 0.027083
0 0.400926 0.751823 0.179630 0.121354
0 0.413889 0.648958 0.124074 0.079167
0 0.431944 0.584115 0.099074 0.055729
0 0.464815 0.563281 0.075926 0.042188
0 0.818056 0.899740 0.295370 0.200521
0 0.691667 0.735677 0.170370 0.119271
0 0.657870 0.631771 0.125000 0.101042
5 0.605556 0.556510 0.129630 0.108854
