0 0.086574 0.847135 0.162037 0.241146
0 0.359259 0.874219 0.242593 0.215104
0 0.206481 0.650260 0.153704 0.107813
0 0.294444 0.584635 0.094444 0.052604
0 0.314815 0.550260 0.088889 0.038021
0 0.355093 0.523698 0.065741 0.039062
0 0.406944 0.723958 0.162037 0.107292
0 0.418056 0.642188 0.128704 0.069792
0 0.428704 0.580729 0.103704 0.055208
0 0.460648 0.560677 0.071296 0.045312
0 0.463426 0.530990 0.069444 0.031771
0 0.653241 0.620052 0.121296 0.088021
0 0.676389 0.709375 0.167593 0.100000
0 0.783796 0.854688 0.258333 0.188542
1 0.346296 0.962760 0.051852 0.011979
1 0.818056 0.930208 0.041667 0.011458
2 0.692593 0.747396 0.031481 0.010417
3 0.530556 0.688281 0.053704 0.083854
3 0.518981 0.591667 0.030556 0.048958
5 0.609722 0.555208 0.126852 0.106250
