0 0.050654 0.457108 0.098039 0.085784
0 0.230392 0.492647 0.111111 0.093137
0 0.252451 0.393382 0.122549 0.085784
0 0.437092 0.397059 0.099673 0.083333
0 0.477124 0.561275 0.124183 0.098039
0 0.760621 0.636029 0.142157 0.120098
0 0.827614 0.410539 0.106209 0.085784
3 0.949346 0.703431 0.078431 0.078431
3 0.707516 0.664216 0.071895 0.083333
3 0.386438 0.611520 0.057190 0.080882
3 0.124183 0.533088 0.055556 0.071078
3 0.845588 0.498775 0.060458 0.071078
4 0.452614 0.698529 0.107843 0.122549
4 0.660948 0.408088 0.076797 0.085784
4 0.303922 0.354167 0.075163 0.071078
