0 0.229575 0.941176 0.086601 0.093137
0 0.200163 0.784314 0.044118 0.063725
0 0.047386 0.761029 0.045752 0.056373
0 0.089052 0.714461 0.040850 0.046569
0 0.148693 0.737745 0.032680 0.044118
0 0.133987 0.634804 0.029412 0.034314
0 0.242647 0.612745 0.027778 0.034314
0 0.459967 0.659314 0.027778 0.044118
0 0.508987 0.674020 0.050654 0.063725
0 0.427288 0.632353 0.031046 0.049020
0 0.408497 0.656863 0.032680 0.044118
0 0.401961 0.606618 0.026144 0.036765
0 0.355392 0.943627 0.080065 0.102941
0 0.341503 0.899510 0.071895 0.102941
0 0.322712 0.833333 0.050654 0.073529
0 0.072712 0.856618 0.076797 0.051471
0 0.092320 0.915441 0.060458 0.061275
0 0.170752 0.886029 0.070261 0.066176
0 0.245915 0.691176 0.031046 0.049020
0 0.212418 0.648284 0.035948 0.036765
0 0.062092 0.626225 0.026144 0.036765
0 0.076797 0.792892 0.055556 0.056373
0 0.050654 0.953431 0.081699 0.058824
0 0.282680 0.636029 0.032680 0.036765
0 0.401961 0.816176 0.045752 0.063725
0 0.434641 0.878676 0.055556 0.085784
0 0.484477 0.850490 0.044118 0.073529
0 0.524510 0.797794 0.045752 0.066176
0 0.325980 0.743873 0.080065 0.056373
0 0.549837 0.712010 0.031046 0.051471
5 0.209150 0.557598 0.039216 0.061275
5 0.450163 0.587010 0.073529 0.080882
5 0.624183 0.726716 0.088235 0.134804
