0 0.322656 0.867361 0.205729 0.260648
0 0.357422 0.605556 0.134635 0.190741
0 0.388021 0.539352 0.121875 0.180556
0 0.381771 0.450694 0.124479 0.078241
0 0.377214 0.405093 0.109115 0.072222
0 0.414062 0.353009 0.087500 0.135648
0 0.676432 0.867361 0.192969 0.243056
0 0.608073 0.658333 0.156771 0.215741
0 0.642318 0.556250 0.128906 0.173611
0 0.634766 0.466435 0.122656 0.147685
0 0.584505 0.447222 0.090885 0.143519
0 0.689453 0.324769 0.036198 0.083796
0 0.062109 0.365972 0.076302 0.111574
0 0.109245 0.339352 0.068490 0.117593
0 0.168490 0.314583 0.064062 0.094907
1 0.322917 0.935648 0.046354 0.020370
1 0.683594 0.931713 0.046354 0.023611
1 0.607422 0.701389 0.044010 0.019444
1 0.354948 0.641435 0.036979 0.017130
6 0.625260 0.319676 0.093229 0.179167
6 0.458854 0.275231 0.057813 0.131019
6 0.552214 0.305093 0.052865 0.096296
