0 0.255528 0.894608 0.299754 0.158497
0 0.406634 0.946895 0.331695 0.106209
0 0.475430 0.781863 0.194103 0.151961
0 0.597052 0.828431 0.235872 0.143791
0 0.341523 0.734477 0.137592 0.142157
0 0.353808 0.608660 0.176904 0.106209
0 0.081081 0.511438 0.157248 0.055556
0 0.549140 0.668301 0.120393 0.117647
0 0.871007 0.661765 0.179361 0.111111
0 0.302211 0.457516 0.181818 0.049020
0 0.422604 0.263072 0.078624 0.029412
0 0.950860 0.384804 0.098280 0.060458
3 0.194103 0.810458 0.127764 0.075163
4 0.214988 0.427288 0.085995 0.053922
4 0.717445 0.398693 0.068796 0.055556
4 0.560197 0.373366 0.068796 0.047386
4 0.372236 0.334967 0.051597 0.039216
4 0.374693 0.290850 0.041769 0.032680
4 0.883292 0.380719 0.071253 0.055556
4 0.845209 0.331699 0.054054 0.042484
