0 0.314974 0.710417 0.137240 0.183796
0 0.372005 0.588426 0.146094 0.225000
0 0.054297 0.379167 0.079427 0.133333
0 0.021224 0.401620 0.041406 0.117130
0 0.149609 0.318056 0.067969 0.117593
0 0.220312 0.309028 0.054688 0.079167
0 0.772656 0.426389 0.104688 0.144444
0 0.621354 0.476620 0.116146 0.152315
0 0.596354 0.383565 0.075000 0.115278
0 0.393750 0.444676 0.100521 0.146759
0 0.405208 0.386806 0.087500 0.115278
1 0.701823 0.865278 0.048438 0.025926
1 0.310417 0.764583 0.043229 0.023611
1 0.372135 0.633565 0.034375 0.017130
2 0.775130 0.464815 0.028385 0.013889
6 0.699479 0.718287 0.188542 0.477315
6 0.440104 0.305556 0.076042 0.194444
6 0.560417 0.315278 0.066667 0.138889
