0 0.162083 0.766962 0.108055 0.141593
0 0.176817 0.666667 0.086444 0.123894
0 0.449902 0.907080 0.133595 0.168142
3 0.034381 0.483776 0.025540 0.094395
4 0.167976 0.629794 0.080550 0.120944
4 0.061886 0.439528 0.041257 0.088496
4 0.508841 0.696165 0.070727 0.147493
4 0.468566 0.591445 0.072692 0.138643
4 0.575639 0.597345 0.062868 0.132743
4 0.675835 0.713864 0.074656 0.153392
4 0.680747 0.631268 0.111984 0.100295
4 0.714145 0.681416 0.104126 0.129794
4 0.716110 0.637168 0.104126 0.082596
4 0.780943 0.500000 0.084479 0.085546
5 0.207269 0.432153 0.178782 0.203540
5 0.437132 0.446903 0.339882 0.174041
5 0.738703 0.426254 0.267191 0.156342
5 0.669941 0.312684 0.137525 0.070796
5 0.441061 0.289086 0.100196 0.070796
5 0.203340 0.274336 0.092338 0.053097
