0 0.353704 0.898698 0.266667 0.202604
0 0.151389 0.710938 0.202778 0.135417
0 0.260648 0.624740 0.112037 0.069271
0 0.289815 0.580208 0.092593 0.047917
0 0.343056 0.533594 0.067593 0.036979
0 0.408333 0.746875 0.168519 0.118750
0 0.415278 0.649740 0.123148 0.077604
0 0.434259 0.586719 0.096296 0.056771
0 0.464352 0.565885 0.075000 0.040104
0 0.822222 0.900781 0.288889 0.198437
0 0.694907 0.738281 0.173148 0.116146
0 0.655093 0.628385 0.125000 0.092188
2 0.708333 0.780469 0.035185 0.009896
2 0.412037 0.677865 0.025926 0.008854
2 0.119907 0.762760 0.034259 0.008854
5 0.606944 0.558333 0.121296 0.103125
