0 0.075463 0.859115 0.147222 0.239063
0 0.194907 0.662760 0.169444 0.108854
0 0.298148 0.588542 0.101852 0.053125
0 0.315741 0.556510 0.087037 0.039062
0 0.343519 0.529948 0.077778 0.035937
0 0.359259 0.873698 0.238889 0.214062
0 0.406944 0.726302 0.162037 0.114062
0 0.418981 0.646354 0.126852 0.076042
0 0.436111 0.584635 0.103704 0.054688
0 0.458796 0.561198 0.071296 0.035937
0 0.650463 0.619010 0.126852 0.094271
0 0.675463 0.712240 0.147222 0.098437
0 0.788426 0.856250 0.252778 0.183333
1 0.348148 0.965365 0.048148 0.013021
1 0.819444 0.934115 0.048148 0.017188
2 0.689815 0.749219 0.037037 0.011979
3 0.533333 0.665625 0.051852 0.075000
5 0.607870 0.551562 0.115741 0.101042
