0 0.365741 0.878125 0.240741 0.219792
0 0.796759 0.865885 0.265741 0.193229
0 0.669444 0.716406 0.135185 0.100521
0 0.655093 0.622135 0.121296 0.090104
0 0.178241 0.671354 0.160185 0.112500
0 0.283333 0.596875 0.092593 0.053125
0 0.311574 0.559635 0.082407 0.043229
0 0.346759 0.534115 0.071296 0.033854
0 0.406019 0.730469 0.160185 0.111979
0 0.408333 0.645833 0.122222 0.070833
0 0.430556 0.582292 0.096296 0.052083
0 0.459722 0.563802 0.073148 0.041146
1 0.351389 0.968750 0.050926 0.015625
1 0.834259 0.949219 0.044444 0.015104
1 0.690741 0.748958 0.027778 0.007292
3 0.563426 0.853646 0.069444 0.134375
5 0.599537 0.561458 0.121296 0.109375
