0 0.083333 0.858854 0.153704 0.235417
0 0.201852 0.661458 0.164815 0.106250
0 0.297222 0.589063 0.096296 0.054167
0 0.312963 0.554427 0.088889 0.034896
0 0.365741 0.879427 0.240741 0.222396
0 0.407870 0.727865 0.160185 0.115104
0 0.416204 0.644792 0.125000 0.068750
0 0.429630 0.587240 0.098148 0.057813
0 0.462963 0.563021 0.081481 0.043750
0 0.654167 0.621615 0.119444 0.089063
0 0.672685 0.711458 0.152778 0.104167
0 0.784722 0.856250 0.256481 0.185417
3 0.548148 0.861198 0.074074 0.136979
3 0.526852 0.637760 0.042593 0.069271
1 0.344444 0.965365 0.051852 0.013021
1 0.820370 0.934115 0.053704 0.013021
2 0.692130 0.748958 0.025000 0.005208
5 0.606019 0.557552 0.112037 0.108854
