0 0.286068 0.859491 0.187240 0.269907
0 0.337891 0.637037 0.125781 0.163889
0 0.383594 0.540509 0.129688 0.203241
0 0.394401 0.408565 0.094010 0.110648
0 0.410938 0.371991 0.081250 0.110648
0 0.434635 0.349537 0.064062 0.117593
0 0.027214 0.411111 0.050781 0.148148
0 0.114844 0.335880 0.075000 0.131019
0 0.196484 0.312963 0.059115 0.082407
0 0.672917 0.871991 0.197396 0.244907
0 0.606771 0.441667 0.084375 0.137037
0 0.586458 0.369907 0.072917 0.112963
0 0.748307 0.390972 0.096615 0.129167
1 0.282292 0.928241 0.048958 0.025926
1 0.334635 0.686806 0.039583 0.018981
1 0.678255 0.946528 0.049740 0.023611
1 0.690755 0.735880 0.038802 0.018056
6 0.689974 0.615046 0.165885 0.413426
6 0.444141 0.295602 0.076823 0.182870
6 0.564323 0.314120 0.063021 0.125463
