0 0.096296 0.814583 0.185185 0.212500
0 0.207407 0.640885 0.133333 0.095312
0 0.296296 0.583073 0.105556 0.048438
0 0.318519 0.547135 0.085185 0.040104
0 0.358796 0.513021 0.073148 0.032292
0 0.365741 0.876042 0.248148 0.217708
0 0.403241 0.722917 0.150926 0.105208
0 0.417130 0.642708 0.115741 0.072917
0 0.433333 0.580990 0.090741 0.059896
0 0.466204 0.557031 0.078704 0.044271
0 0.652315 0.614844 0.126852 0.091146
0 0.672685 0.704688 0.156481 0.103125
0 0.781944 0.851562 0.254630 0.188542
1 0.345370 0.960156 0.053704 0.017188
1 0.820370 0.929427 0.050000 0.013021
1 0.689815 0.742969 0.029630 0.008854
3 0.581481 0.914583 0.098148 0.160417
3 0.529630 0.700260 0.055556 0.083854
3 0.524074 0.597135 0.037037 0.046354
3 0.525926 0.547135 0.033333 0.038021
5 0.611574 0.555208 0.123148 0.108333
