0 0.298177 0.808102 0.153125 0.201389
0 0.352995 0.650000 0.154948 0.241667
0 0.359375 0.544444 0.139583 0.107407
0 0.362240 0.476157 0.118750 0.068056
0 0.385156 0.462037 0.106250 0.138889
0 0.398438 0.406481 0.092188 0.123148
0 0.401302 0.353472 0.087500 0.064352
0 0.035156 0.391204 0.066667 0.128704
0 0.098047 0.346759 0.067969 0.116667
0 0.180990 0.306713 0.063542 0.106019
0 0.234245 0.306250 0.041927 0.059722
0 0.056771 0.368750 0.069271 0.115278
0 0.662760 0.602546 0.132812 0.182870
0 0.628776 0.518519 0.116927 0.168519
0 0.799870 0.470370 0.116406 0.169444
0 0.610026 0.405556 0.083073 0.123148
0 0.590625 0.365509 0.064583 0.101389
1 0.292448 0.872917 0.046354 0.023611
1 0.351693 0.694676 0.041927 0.017130
2 0.800521 0.510417 0.031250 0.017130
2 0.024740 0.415046 0.026562 0.013426
6 0.710677 0.794444 0.207292 0.411111
6 0.433203 0.314583 0.085156 0.207870
6 0.563542 0.316204 0.066667 0.138889
