0 0.252214 0.910880 0.217448 0.178241
0 0.698958 0.926620 0.225521 0.146759
0 0.323307 0.682176 0.134635 0.183796
0 0.373307 0.573611 0.137240 0.215741
0 0.390755 0.437731 0.099740 0.140278
0 0.408594 0.385880 0.084375 0.126389
0 0.618229 0.464815 0.113542 0.153704
0 0.593750 0.381250 0.072396 0.121759
0 0.763802 0.416204 0.101042 0.135185
0 0.042839 0.385880 0.082031 0.135648
0 0.139974 0.320833 0.074219 0.127778
0 0.211849 0.309722 0.056510 0.082407
1 0.699219 0.815509 0.046875 0.023611
1 0.319010 0.735185 0.040104 0.021296
1 0.378125 0.617361 0.031250 0.018056
2 0.767188 0.450694 0.032813 0.014352
6 0.440104 0.300000 0.076042 0.189815
6 0.564844 0.314815 0.064062 0.128704
6 0.699609 0.681019 0.180990 0.463889
