0 0.336198 0.817593 0.197396 0.258333
0 0.670443 0.828472 0.183594 0.253241
0 0.600781 0.634259 0.151042 0.210185
0 0.363151 0.584491 0.134635 0.181019
0 0.639583 0.537269 0.120833 0.167130
0 0.627734 0.455324 0.120052 0.141204
0 0.582031 0.436111 0.081771 0.138889
0 0.684245 0.324769 0.033594 0.079167
0 0.391146 0.521296 0.120833 0.180556
0 0.374349 0.400000 0.098698 0.087037
0 0.413802 0.351389 0.080729 0.127778
0 0.044010 0.373843 0.078125 0.114352
0 0.094271 0.345602 0.069271 0.116204
0 0.160026 0.324769 0.065885 0.110648
1 0.335547 0.875231 0.045052 0.023611
1 0.361979 0.617824 0.038021 0.017130
1 0.602734 0.673843 0.041927 0.018056
6 0.621354 0.312963 0.092188 0.181481
6 0.552083 0.304398 0.046354 0.090278
6 0.459766 0.281944 0.055990 0.137963
