0 0.267318 0.885880 0.201823 0.228241
0 0.681380 0.897454 0.209635 0.203241
0 0.330859 0.661343 0.126823 0.171759
0 0.382943 0.556250 0.139844 0.218981
0 0.035286 0.395833 0.070052 0.144444
0 0.128516 0.329398 0.076823 0.131019
0 0.207292 0.310185 0.060417 0.086111
0 0.756380 0.409491 0.099219 0.135648
0 0.610677 0.456713 0.089583 0.151389
0 0.589974 0.377315 0.076302 0.112037
0 0.395313 0.425926 0.092188 0.132407
0 0.407943 0.377778 0.085677 0.119444
0 0.433984 0.354167 0.065365 0.108333
1 0.265885 0.987500 0.050521 0.025000
1 0.327344 0.711111 0.041146 0.020370
1 0.386979 0.600926 0.019792 0.016667
1 0.695703 0.774074 0.042448 0.020370
6 0.694531 0.640972 0.168229 0.433796
6 0.443880 0.297222 0.073698 0.184259
6 0.563021 0.315741 0.063021 0.126852
