0 0.182407 0.682813 0.175926 0.118750
0 0.365741 0.879948 0.248148 0.225521
0 0.803704 0.879167 0.261111 0.201042
0 0.678241 0.713542 0.156481 0.102083
0 0.653241 0.622135 0.125000 0.081771
0 0.285185 0.598958 0.094444 0.054167
0 0.309722 0.561198 0.078704 0.038021
0 0.340741 0.533073 0.079630 0.035937
0 0.406019 0.729948 0.163889 0.113021
0 0.416667 0.645573 0.131481 0.067187
0 0.429630 0.589063 0.094444 0.056250
0 0.463426 0.567448 0.076852 0.041146
1 0.349074 0.970313 0.053704 0.009375
1 0.838889 0.965365 0.046296 0.013021
2 0.692130 0.752865 0.025000 0.008854
5 0.602315 0.557813 0.119444 0.103125
