0 0.081019 0.853125 0.158333 0.225000
0 0.357870 0.874479 0.249074 0.214583
0 0.786574 0.855729 0.263889 0.184375
0 0.673611 0.712500 0.154630 0.104167
0 0.656944 0.622135 0.128704 0.092188
0 0.190278 0.655729 0.141667 0.109375
0 0.285648 0.584635 0.076852 0.052604
0 0.314815 0.553906 0.092593 0.038021
0 0.346759 0.525000 0.067593 0.034375
0 0.404167 0.724479 0.156481 0.110417
0 0.418056 0.641667 0.128704 0.068750
0 0.433333 0.584635 0.098148 0.058854
0 0.466204 0.560156 0.078704 0.040104
1 0.348148 0.965365 0.048148 0.015104
1 0.819444 0.932552 0.048148 0.014063
2 0.690741 0.746875 0.031481 0.011458
3 0.519907 0.608333 0.036111 0.056250
3 0.538426 0.755990 0.058333 0.099479
5 0.608796 0.558073 0.132407 0.120313
