2 0.154375 0.637097 0.051250 0.048387
2 0.370625 0.603687 0.046250 0.041475
2 0.238125 0.404378 0.041250 0.039171
2 0.486250 0.467742 0.037500 0.041475
2 0.585000 0.782258 0.045000 0.039171
2 0.795625 0.748848 0.041250 0.046083
2 0.929375 0.556452 0.041250 0.029954
2 0.766875 0.381336 0.028750 0.043779
2 0.640000 0.355991 0.045000 0.048387
3 0.163125 0.488479 0.136250 0.502304
3 0.243750 0.263825 0.112500 0.481567
3 0.368750 0.452765 0.115000 0.490783
3 0.494375 0.314516 0.116250 0.458525
3 0.568125 0.649770 0.123750 0.479263
3 0.622500 0.231567 0.115000 0.453917
3 0.761875 0.215438 0.108750 0.426267
3 0.791875 0.581797 0.131250 0.509217
3 0.918750 0.418203 0.107500 0.449309
