0 0.171296 0.687760 0.179630 0.123438
0 0.275000 0.603125 0.105556 0.060417
0 0.305093 0.564844 0.073148 0.039062
0 0.345833 0.534635 0.073148 0.036979
0 0.658333 0.624740 0.131481 0.091146
0 0.678241 0.715885 0.141667 0.101562
0 0.819907 0.896615 0.289815 0.204687
0 0.468056 0.563802 0.067593 0.036979
0 0.429630 0.588021 0.083333 0.054167
0 0.414352 0.646094 0.117593 0.066146
0 0.409722 0.728385 0.160185 0.105729
0 0.369907 0.880208 0.252778 0.213542
2 0.692130 0.751823 0.028704 0.008854
2 0.143981 0.736458 0.021296 0.006250
1 0.348611 0.970052 0.056481 0.010937
5 0.603241 0.557813 0.128704 0.105208
