0 0.358724 0.684028 0.175260 0.223611
0 0.051042 0.378935 0.077083 0.137500
0 0.121224 0.341204 0.077344 0.107407
0 0.222266 0.300926 0.041927 0.072222
0 0.374740 0.521759 0.124479 0.165741
0 0.414323 0.480093 0.095833 0.159259
0 0.383464 0.407639 0.094010 0.068981
0 0.425911 0.335417 0.079427 0.120833
0 0.682031 0.852546 0.210938 0.294907
0 0.651693 0.686111 0.157552 0.200926
0 0.595964 0.563657 0.137760 0.183796
0 0.633203 0.495833 0.111719 0.154630
0 0.610938 0.409491 0.111979 0.106019
0 0.578255 0.401620 0.082031 0.121759
1 0.360026 0.734028 0.039323 0.018981
1 0.684896 0.959491 0.048958 0.022685
1 0.375260 0.556250 0.034375 0.018056
1 0.594141 0.595833 0.030990 0.020370
6 0.609766 0.299769 0.085156 0.167130
6 0.456510 0.280787 0.052083 0.124537
