0 0.258464 0.876389 0.201823 0.247222
0 0.662109 0.771296 0.189844 0.303704
0 0.647135 0.621759 0.143750 0.160185
0 0.591667 0.516204 0.130208 0.168519
0 0.634766 0.464815 0.096094 0.142593
0 0.601432 0.388657 0.101823 0.109722
0 0.557552 0.388657 0.036979 0.120833
0 0.664062 0.320833 0.046354 0.073148
0 0.337760 0.837963 0.153646 0.256481
0 0.374740 0.621065 0.153646 0.202315
0 0.382552 0.482407 0.116146 0.129630
0 0.421354 0.456250 0.088542 0.152315
0 0.392057 0.390278 0.097135 0.070370
0 0.396224 0.349537 0.094010 0.061111
0 0.426693 0.328009 0.068490 0.110648
0 0.028125 0.403935 0.052604 0.146759
0 0.093229 0.359259 0.086458 0.112037
0 0.204427 0.307176 0.049479 0.089352
1 0.257552 0.989352 0.059375 0.021296
1 0.372396 0.668981 0.042708 0.020370
1 0.664193 0.848611 0.050781 0.020370
1 0.590625 0.557407 0.026562 0.015741
6 0.602344 0.285880 0.080729 0.143056
6 0.457552 0.284722 0.051562 0.127778
