0 0.651563 0.573129 0.043750 0.091837
0 0.227344 0.738095 0.060937 0.122449
0 0.069531 0.644558 0.082812 0.091837
0 0.095312 0.437075 0.040625 0.057823
0 0.139844 0.433673 0.035937 0.071429
4 0.124219 0.715986 0.057813 0.119048
4 0.207031 0.880952 0.070312 0.115646
4 0.209375 0.811224 0.068750 0.105442
4 0.183594 0.671769 0.054688 0.125850
4 0.324219 0.829932 0.060937 0.129252
4 0.250781 0.683673 0.051562 0.095238
4 0.393750 0.874150 0.065625 0.102041
4 0.421875 0.770408 0.062500 0.112245
4 0.571094 0.486395 0.029687 0.068027
4 0.677344 0.511905 0.029687 0.091837
4 0.525781 0.399660 0.032813 0.078231
4 0.786719 0.534014 0.042188 0.054422
5 0.596094 0.683673 0.110937 0.312925
5 0.817969 0.719388 0.235937 0.343537
5 0.621094 0.374150 0.067187 0.149660
5 0.285156 0.484694 0.114062 0.193878
6 0.338281 0.729592 0.060937 0.207483
