0 0.360185 0.877083 0.244444 0.215625
0 0.788426 0.861979 0.245370 0.187500
0 0.190278 0.671094 0.163889 0.116146
0 0.405093 0.729427 0.150926 0.109896
0 0.675463 0.713802 0.158333 0.101562
0 0.283796 0.593229 0.097222 0.054167
0 0.312037 0.556510 0.083333 0.036979
0 0.345833 0.532552 0.073148 0.039062
0 0.412963 0.642708 0.127778 0.063542
0 0.649537 0.618490 0.125000 0.089063
0 0.432407 0.586458 0.092593 0.055208
0 0.462037 0.561719 0.083333 0.036979
1 0.345370 0.968490 0.050000 0.013021
1 0.825926 0.940885 0.050000 0.016146
1 0.692593 0.750260 0.035185 0.011979
3 0.550926 0.766927 0.062963 0.101562
5 0.608796 0.556250 0.128704 0.108333
