0 0.505862 0.840625 0.169988 0.318750
0 0.225674 0.519792 0.104338 0.181250
0 0.040445 0.300000 0.078546 0.133333
0 0.381594 0.602083 0.125440 0.262500
0 0.236225 0.288542 0.078546 0.114583
0 0.339977 0.270833 0.075029 0.133333
0 0.413834 0.351042 0.065651 0.147917
0 0.518757 0.380208 0.071512 0.122917
0 0.460727 0.483333 0.072685 0.191667
0 0.126612 0.090625 0.060961 0.077083
0 0.185815 0.046875 0.043376 0.077083
0 0.672919 0.683333 0.154748 0.275000
0 0.926143 0.854167 0.145369 0.291667
0 0.862837 0.602083 0.157093 0.208333
0 0.672333 0.444792 0.099648 0.168750
0 0.574443 0.536458 0.089097 0.185417
0 0.597304 0.292708 0.078546 0.118750
0 0.794842 0.332292 0.077374 0.131250
0 0.550996 0.198958 0.053927 0.089583
0 0.444900 0.196875 0.045721 0.089583
0 0.301290 0.227083 0.044549 0.091667
0 0.267292 0.192708 0.044549 0.093750
0 0.392732 0.135417 0.044549 0.058333
0 0.518757 0.100000 0.038687 0.054167
0 0.336460 0.172917 0.039859 0.054167
1 0.538101 0.961458 0.039859 0.022917
1 0.383939 0.710417 0.029308 0.012500
2 0.705744 0.769792 0.030481 0.018750
2 0.577960 0.606250 0.028136 0.016667
2 0.451934 0.547917 0.033998 0.012500
3 0.273154 0.673958 0.044549 0.197917
3 0.253810 0.585417 0.033998 0.179167
3 0.384525 0.235417 0.028136 0.095833
3 0.495897 0.140625 0.016413 0.081250
4 0.324150 0.461458 0.062134 0.177083
4 0.693435 0.280208 0.045721 0.131250
4 0.839977 0.162500 0.043376 0.083333
4 0.738570 0.145833 0.032825 0.091667
5 0.067995 0.054167 0.110199 0.104167
5 0.624267 0.097917 0.080891 0.166667
5 0.706917 0.088542 0.065651 0.135417
5 0.918523 0.397917 0.162954 0.391667
