0 0.349219 0.629630 0.147396 0.196296
0 0.611328 0.690741 0.166927 0.225926
0 0.648438 0.574306 0.132292 0.176389
0 0.637891 0.478935 0.125260 0.161574
0 0.584245 0.458102 0.085156 0.146759
0 0.308724 0.899537 0.221094 0.200926
0 0.683073 0.897222 0.204167 0.205556
0 0.382943 0.558102 0.125781 0.181944
0 0.379818 0.466667 0.125781 0.087037
0 0.376693 0.420139 0.114323 0.089352
0 0.411198 0.362037 0.090625 0.128704
0 0.030729 0.378241 0.058854 0.118519
0 0.080859 0.353009 0.074219 0.108796
0 0.124089 0.330324 0.064323 0.115278
0 0.175781 0.311111 0.060937 0.092593
1 0.346745 0.668056 0.039323 0.018519
1 0.613151 0.733565 0.044010 0.019907
1 0.691016 0.990509 0.050781 0.018981
6 0.629036 0.324306 0.097135 0.177315
6 0.459766 0.276852 0.054427 0.132407
6 0.553776 0.300000 0.049740 0.092593
