0 0.099537 0.807292 0.191667 0.210417
0 0.208333 0.647917 0.138889 0.101042
0 0.299074 0.583073 0.096296 0.048438
0 0.326389 0.547135 0.084259 0.044271
0 0.368056 0.511979 0.071296 0.034375
0 0.366667 0.871615 0.231481 0.206771
0 0.390741 0.720833 0.140741 0.096875
0 0.419907 0.640625 0.121296 0.072917
0 0.433333 0.581771 0.090741 0.055208
0 0.467130 0.557031 0.073148 0.044271
0 0.782407 0.851562 0.248148 0.188542
0 0.680093 0.706250 0.152778 0.104167
0 0.651389 0.618229 0.125000 0.093750
1 0.345370 0.960156 0.050000 0.013021
1 0.817593 0.930208 0.048148 0.016667
1 0.690741 0.744531 0.038889 0.009896
3 0.556019 0.800521 0.065741 0.110417
3 0.527778 0.649219 0.048148 0.070312
3 0.518056 0.578646 0.032407 0.044792
3 0.524074 0.540625 0.033333 0.033333
5 0.601389 0.550000 0.125000 0.108333
