0 0.100000 0.821094 0.187037 0.221354
0 0.210648 0.647917 0.162037 0.105208
0 0.299074 0.582031 0.100000 0.057813
0 0.320370 0.548177 0.081481 0.035937
0 0.357870 0.516927 0.056481 0.040104
0 0.368056 0.870313 0.249074 0.209375
0 0.404167 0.722656 0.152778 0.115104
0 0.414815 0.640625 0.124074 0.070833
0 0.432407 0.577604 0.096296 0.048958
0 0.464352 0.555990 0.071296 0.040104
0 0.783796 0.850000 0.254630 0.185417
0 0.677315 0.704167 0.147222 0.106250
0 0.652315 0.614323 0.123148 0.092188
1 0.348148 0.961198 0.044444 0.015104
1 0.821296 0.929427 0.048148 0.013021
2 0.693056 0.744010 0.030556 0.008854
3 0.540278 0.773438 0.080556 0.112500
3 0.524074 0.618229 0.037037 0.062500
3 0.520370 0.559635 0.025926 0.043229
5 0.607870 0.552083 0.126852 0.106250
