0 0.094572 0.949973 0.145651 0.100055
0 0.295413 0.948054 0.133589 0.103893
0 0.452120 0.919956 0.119518 0.160088
0 0.600512 0.918723 0.130482 0.162555
0 0.096948 0.713679 0.103984 0.120888
0 0.173337 0.792763 0.117142 0.146930
0 0.233553 0.685581 0.099781 0.114583
0 0.308754 0.752741 0.107273 0.114583
0 0.356634 0.657484 0.091557 0.101151
0 0.224872 0.611431 0.070724 0.083607
0 0.091923 0.607045 0.088816 0.107182
0 0.102339 0.529879 0.066520 0.082237
0 0.236020 0.565241 0.074744 0.081140
0 0.355811 0.572094 0.086623 0.099781
0 0.189510 0.495477 0.069810 0.075932
0 0.461349 0.735334 0.083151 0.124726
0 0.423428 0.840598 0.102339 0.153235
0 0.622167 0.737939 0.080592 0.154605
0 0.606360 0.661870 0.075658 0.139529
0 0.470486 0.661870 0.083151 0.124726
0 0.482091 0.593887 0.079678 0.098410
0 0.417398 0.503015 0.058114 0.088268
0 0.507858 0.546053 0.066520 0.092105
0 0.349415 0.487390 0.048977 0.062500
0 0.266356 0.535362 0.055738 0.086075
0 0.226974 0.421327 0.063231 0.077303
0 0.271382 0.401453 0.047515 0.057292
0 0.319993 0.408991 0.054825 0.072368
0 0.344938 0.356634 0.031615 0.049890
0 0.452211 0.346628 0.028326 0.052357
0 0.907895 0.854441 0.118787 0.205592
0 0.926170 0.767681 0.118787 0.162007
0 0.898666 0.660636 0.105446 0.099781
0 0.938231 0.630071 0.094664 0.138432
0 0.736294 0.526727 0.051535 0.098410
0 0.702303 0.469846 0.058114 0.082237
0 0.669499 0.321683 0.037463 0.062226
0 0.718841 0.425713 0.041484 0.081140
0 0.836897 0.484375 0.059759 0.095943
0 0.811129 0.615132 0.086440 0.126096
0 0.936586 0.559073 0.076389 0.080866
0 0.814419 0.390214 0.063048 0.052357
2 0.818531 0.649397 0.024854 0.014803
2 0.738030 0.547971 0.019920 0.013706
1 0.607182 0.982045 0.035636 0.015077
1 0.452211 0.967105 0.034905 0.012610
2 0.152595 0.818257 0.030702 0.013706
2 0.215735 0.702303 0.030885 0.013706
2 0.347405 0.679825 0.031433 0.013706
2 0.466740 0.750274 0.030702 0.012610
2 0.689876 0.857456 0.014985 0.019737
3 0.206597 0.913514 0.040753 0.162007
3 0.827668 0.794545 0.039839 0.148300
3 0.097770 0.841283 0.042398 0.112390
3 0.530245 0.420093 0.019920 0.074836
3 0.554368 0.420779 0.019920 0.068531
3 0.449744 0.432566 0.021564 0.074561
4 0.667763 0.810855 0.073830 0.183114
4 0.129295 0.498629 0.044042 0.089912
4 0.366959 0.390214 0.035819 0.069901
4 0.414017 0.413788 0.034905 0.057292
4 0.512884 0.392133 0.028326 0.053454
4 0.480080 0.372259 0.035819 0.041118
4 0.799799 0.491776 0.044042 0.041118
4 0.902047 0.479989 0.048977 0.072368
4 0.863395 0.524123 0.049890 0.095943
4 0.793220 0.437637 0.049159 0.042489
4 0.978527 0.558525 0.040753 0.107182
5 0.337537 0.304825 0.074927 0.095943
5 0.416118 0.189008 0.035819 0.046327
5 0.870523 0.337308 0.108735 0.133498
