0 0.100000 0.794531 0.187037 0.196354
0 0.364815 0.870573 0.233333 0.206771
0 0.788889 0.852604 0.261111 0.188542
0 0.208333 0.643229 0.144444 0.095833
0 0.293519 0.579167 0.090741 0.054167
0 0.323148 0.541406 0.074074 0.036979
0 0.369444 0.505990 0.064815 0.031771
0 0.405093 0.722917 0.156481 0.111458
0 0.678241 0.707292 0.165741 0.102083
0 0.414815 0.635156 0.129630 0.068229
0 0.431019 0.578125 0.097222 0.058333
0 0.654630 0.615885 0.138889 0.091146
0 0.462963 0.548698 0.066667 0.034896
0 0.468981 0.525000 0.063889 0.023958
1 0.348148 0.958594 0.042593 0.011979
1 0.818519 0.928125 0.046296 0.016667
2 0.688889 0.745573 0.037037 0.009896
3 0.546759 0.723437 0.062037 0.086458
3 0.521759 0.611198 0.037963 0.055729
3 0.522685 0.565625 0.028704 0.040625
3 0.519907 0.533073 0.023148 0.033854
5 0.602778 0.548438 0.124074 0.101042
5 0.544907 0.476042 0.069444 0.052083
