0 0.305208 0.736343 0.141667 0.179167
0 0.069531 0.365278 0.071875 0.128704
0 0.031120 0.387500 0.059635 0.123148
0 0.159635 0.311806 0.064062 0.111574
0 0.225651 0.306250 0.056510 0.075463
0 0.779297 0.438194 0.108073 0.166204
0 0.623698 0.489583 0.113021 0.157870
0 0.602083 0.392130 0.075000 0.123148
0 0.587760 0.357407 0.065625 0.092593
0 0.368359 0.604861 0.148698 0.228241
0 0.389193 0.447917 0.102865 0.146759
0 0.406120 0.392593 0.090885 0.122222
1 0.703385 0.918056 0.051562 0.025926
1 0.303516 0.798380 0.044531 0.028241
1 0.363802 0.650000 0.038021 0.022222
2 0.784635 0.477778 0.031250 0.014815
6 0.434896 0.308565 0.071354 0.199537
6 0.564583 0.314120 0.064583 0.141204
6 0.702734 0.756250 0.198698 0.485648
