0 0.367130 0.866406 0.250926 0.218229
0 0.787963 0.847656 0.253704 0.188021
0 0.674074 0.701302 0.153704 0.100521
0 0.653704 0.614323 0.133333 0.094271
0 0.408796 0.715625 0.145370 0.105208
0 0.412500 0.633073 0.121296 0.068229
0 0.425926 0.573438 0.094444 0.053125
0 0.466204 0.547656 0.073148 0.036979
0 0.106944 0.780990 0.212037 0.184896
0 0.212963 0.640625 0.146296 0.101042
0 0.294444 0.575521 0.096296 0.053125
0 0.331944 0.536719 0.078704 0.041146
0 0.368519 0.499479 0.059259 0.031250
1 0.349074 0.955469 0.044444 0.013021
1 0.816667 0.923698 0.053704 0.016146
1 0.015278 0.850260 0.028704 0.013021
5 0.602315 0.545573 0.115741 0.095312
5 0.543056 0.471094 0.058333 0.042188
