0 0.313151 0.894907 0.218490 0.210185
0 0.074870 0.359028 0.085156 0.141204
0 0.168359 0.318519 0.073698 0.087037
0 0.208854 0.313657 0.040625 0.079167
0 0.728125 0.875231 0.217708 0.249537
0 0.650911 0.736343 0.169010 0.219907
0 0.324479 0.731250 0.165104 0.239352
0 0.355339 0.584491 0.113802 0.153241
0 0.387630 0.499074 0.126302 0.190741
0 0.420052 0.349769 0.069271 0.106019
0 0.438542 0.337037 0.060417 0.108333
0 0.726953 0.376620 0.090885 0.115278
0 0.598828 0.412963 0.071094 0.128704
0 0.577865 0.356944 0.069792 0.113889
6 0.670964 0.531944 0.173177 0.349074
6 0.451302 0.290972 0.069271 0.173611
1 0.732292 0.963889 0.049479 0.022222
1 0.646224 0.798380 0.024740 0.028241
