0 0.358660 0.948529 0.165033 0.102941
0 0.476307 0.729167 0.135621 0.188725
0 0.500817 0.476716 0.099673 0.129902
0 0.589052 0.436275 0.093137 0.117647
0 0.580882 0.262255 0.073529 0.093137
0 0.616013 0.136029 0.049020 0.066176
0 0.595588 0.194853 0.053922 0.071078
0 0.209967 0.613971 0.099673 0.134804
0 0.085784 0.745098 0.116013 0.205882
0 0.230392 0.370098 0.075163 0.102941
0 0.260621 0.479167 0.089869 0.115196
0 0.321895 0.412990 0.071895 0.110294
0 0.372549 0.316176 0.068627 0.088235
0 0.264706 0.302696 0.062092 0.095588
0 0.318627 0.253676 0.065359 0.090686
0 0.419118 0.257353 0.053922 0.073529
0 0.455065 0.193627 0.050654 0.063725
0 0.468954 0.160539 0.052288 0.071078
0 0.513889 0.078431 0.044118 0.053922
2 0.725490 0.763480 0.022876 0.026961
2 0.473856 0.780637 0.035948 0.017157
2 0.254902 0.485294 0.029412 0.014706
3 0.567810 0.606618 0.044118 0.134804
3 0.768791 0.361520 0.031046 0.105392
3 0.817810 0.399510 0.031046 0.102941
3 0.861928 0.382353 0.034314 0.107843
3 0.806373 0.165441 0.021242 0.066176
3 0.783497 0.129902 0.014706 0.063725
3 0.017157 0.464461 0.031046 0.120098
3 0.139706 0.305147 0.024510 0.090686
3 0.198529 0.291667 0.024510 0.073529
4 0.071078 0.390931 0.053922 0.110294
4 0.709967 0.215686 0.037582 0.088235
4 0.772059 0.234069 0.037582 0.085784
6 0.725490 0.610294 0.143791 0.397059
6 0.695261 0.401961 0.119281 0.259804
6 0.410131 0.079657 0.075163 0.134804
6 0.725490 0.118873 0.052288 0.125000
