0 0.748568 0.878009 0.295573 0.243981
0 0.521354 0.852083 0.162500 0.178241
0 0.351172 0.812037 0.085156 0.100926
0 0.305729 0.798843 0.057813 0.094907
0 0.263802 0.801389 0.041146 0.072222
0 0.241667 0.793981 0.046354 0.077778
0 0.208854 0.790972 0.038021 0.074537
0 0.183203 0.793287 0.022135 0.054167
0 0.563932 0.790509 0.108073 0.095833
1 0.831641 0.964352 0.053906 0.021296
1 0.894922 0.847454 0.033073 0.018056
1 0.571615 0.891667 0.036979 0.015741
2 0.369922 0.834028 0.019531 0.011574
6 0.815495 0.750463 0.290885 0.340741
