0 0.301693 0.818287 0.184115 0.268981
0 0.343880 0.614583 0.123698 0.152315
0 0.386328 0.525231 0.128906 0.199537
0 0.100911 0.342824 0.082552 0.131019
0 0.188542 0.315278 0.064583 0.087037
0 0.740755 0.392361 0.097135 0.131019
0 0.397526 0.385185 0.087760 0.087037
0 0.412500 0.363889 0.083333 0.107407
0 0.435937 0.345139 0.061458 0.108796
0 0.604036 0.429861 0.079948 0.131019
0 0.580859 0.364352 0.070573 0.112963
0 0.664974 0.826157 0.192969 0.245833
1 0.662370 0.893750 0.039323 0.022685
1 0.299089 0.876852 0.045573 0.025000
1 0.342057 0.665972 0.038802 0.018056
6 0.683464 0.587963 0.157552 0.400000
6 0.449870 0.296065 0.074219 0.186574
6 0.561719 0.311343 0.058854 0.121759
