0 0.093056 0.833333 0.173148 0.232292
0 0.206944 0.648698 0.158333 0.101562
0 0.295370 0.584635 0.100000 0.054688
0 0.312963 0.551562 0.088889 0.035417
0 0.362963 0.869531 0.242593 0.211979
0 0.406481 0.721875 0.172222 0.109375
0 0.415741 0.636198 0.129630 0.066146
0 0.426852 0.580208 0.088889 0.054167
0 0.466204 0.557031 0.075000 0.040104
0 0.785648 0.852604 0.254630 0.188542
0 0.681019 0.706250 0.154630 0.095833
0 0.656944 0.618229 0.125000 0.088542
1 0.346296 0.962240 0.044444 0.010937
1 0.819444 0.930729 0.048148 0.010417
2 0.691667 0.744010 0.037037 0.008854
3 0.564352 0.892708 0.110185 0.150000
3 0.524074 0.646615 0.051852 0.071354
3 0.521759 0.573958 0.032407 0.047917
5 0.606944 0.554948 0.125000 0.111979
