0 0.790850 0.911765 0.163399 0.166667
0 0.622549 0.846814 0.133987 0.183824
0 0.499183 0.939951 0.168301 0.120098
0 0.239379 0.819853 0.151961 0.154412
0 0.406863 0.849265 0.150327 0.144608
0 0.492647 0.580882 0.093137 0.137255
0 0.325980 0.709559 0.125817 0.144608
0 0.361111 0.623775 0.114379 0.139706
0 0.263072 0.515931 0.088235 0.110294
0 0.283497 0.441176 0.070261 0.088235
0 0.361928 0.506127 0.070261 0.100490
0 0.542484 0.549020 0.088235 0.127451
0 0.660948 0.541667 0.096405 0.117647
0 0.656046 0.631127 0.096405 0.139706
0 0.458333 0.767157 0.112745 0.171569
0 0.690359 0.299020 0.053922 0.068627
0 0.766340 0.341912 0.045752 0.056373
0 0.804739 0.398284 0.060458 0.080882
0 0.856209 0.446078 0.075163 0.088235
0 0.911765 0.488971 0.075163 0.105392
0 0.985294 0.387255 0.029412 0.058824
0 0.872549 0.361520 0.058824 0.066176
0 0.958333 0.585784 0.080065 0.117647
2 0.802288 0.952206 0.039216 0.022059
2 0.619281 0.860294 0.042484 0.014706
2 0.313725 0.732843 0.032680 0.014706
2 0.654412 0.655637 0.031046 0.012255
2 0.494281 0.615196 0.027778 0.019608
2 0.153595 0.427696 0.026144 0.031863
3 0.465686 0.479167 0.032680 0.085784
3 0.475490 0.351716 0.019608 0.080882
3 0.577614 0.368873 0.021242 0.075980
4 0.758170 0.278186 0.032680 0.066176
4 0.912582 0.393382 0.047386 0.085784
4 0.810458 0.269608 0.035948 0.068627
4 0.554739 0.199755 0.027778 0.051471
5 0.166667 0.411765 0.137255 0.210784
5 0.304739 0.344363 0.089869 0.164216
6 0.084967 0.660539 0.166667 0.281863
6 0.400327 0.327206 0.078431 0.169118
