0 0.716406 0.844676 0.202083 0.279167
0 0.648177 0.706481 0.168229 0.216667
0 0.574740 0.350000 0.068750 0.102778
0 0.725260 0.370602 0.081250 0.125463
0 0.324479 0.867824 0.208333 0.259722
0 0.332813 0.690509 0.161458 0.214352
0 0.360938 0.567361 0.109896 0.146759
0 0.389583 0.490278 0.123958 0.195370
0 0.420052 0.348380 0.066667 0.106019
0 0.439714 0.331481 0.056510 0.099074
0 0.061198 0.372685 0.086979 0.154630
0 0.151953 0.327083 0.070573 0.099537
0 0.202474 0.311806 0.039323 0.078241
0 0.232031 0.300926 0.043750 0.067593
1 0.721224 0.902315 0.047656 0.024074
1 0.637630 0.758333 0.019010 0.020370
6 0.660807 0.507176 0.144010 0.319907
6 0.453385 0.288657 0.063542 0.165278
