0 0.301054 0.563981 0.314888 0.464455
2 0.445323 0.623223 0.031621 0.028436
2 0.391304 0.613744 0.028986 0.028436
2 0.243742 0.664692 0.028986 0.016588
2 0.056653 0.655213 0.042161 0.007109
2 0.602108 0.619668 0.026350 0.026066
2 0.552701 0.643365 0.027668 0.030806
2 0.937418 0.613744 0.032938 0.033175
3 0.084980 0.613744 0.109354 0.478673
3 0.258893 0.645735 0.117260 0.419431
3 0.476285 0.648104 0.119895 0.447867
3 0.392622 0.638626 0.089592 0.414692
3 0.555995 0.624408 0.060606 0.405213
3 0.619236 0.642180 0.118577 0.417062
3 0.793149 0.659953 0.129117 0.424171
4 0.942029 0.654028 0.115942 0.483412
4 0.088933 0.528436 0.169960 0.364929
