0 0.282813 0.715741 0.128125 0.238889
0 0.643750 0.672222 0.137500 0.185185
0 0.656250 0.879630 0.191667 0.240741
0 0.833854 0.829630 0.155208 0.255556
0 0.166667 0.181481 0.072917 0.059259
0 0.201563 0.165741 0.067708 0.050000
0 0.355729 0.173148 0.057292 0.053704
0 0.327083 0.148148 0.031250 0.051852
0 0.411979 0.202778 0.044792 0.061111
0 0.665625 0.235185 0.056250 0.055556
0 0.514062 0.164815 0.034375 0.044444
0 0.468750 0.147222 0.029167 0.031481
1 0.682292 0.959259 0.054167 0.025926
2 0.654167 0.731481 0.039583 0.022222
2 0.465104 0.888889 0.021875 0.033333
2 0.281250 0.751852 0.043750 0.018519
2 0.116667 0.916667 0.020833 0.022222
2 0.169271 0.712037 0.017708 0.020370
2 0.548958 0.730556 0.014583 0.024074
3 0.116146 0.860185 0.071875 0.268519
3 0.181250 0.676852 0.052083 0.209259
3 0.317708 0.562037 0.085417 0.146296
3 0.552604 0.689815 0.032292 0.209259
3 0.735938 0.631481 0.057292 0.170370
3 0.963021 0.921296 0.059375 0.157407
4 0.495312 0.215741 0.042708 0.068519
4 0.456250 0.194444 0.029167 0.062963
6 0.585417 0.219444 0.077083 0.098148
6 0.468229 0.749074 0.142708 0.383333
