0 0.326042 0.367593 0.104167 0.164815
0 0.455729 0.350926 0.130208 0.150000
0 0.449479 0.500000 0.126042 0.207407
0 0.585938 0.419444 0.094792 0.164815
0 0.474479 0.132407 0.105208 0.072222
0 0.379688 0.237963 0.142708 0.138889
0 0.391146 0.093519 0.103125 0.064815
2 0.318750 0.379630 0.035417 0.014815
2 0.448958 0.512037 0.037500 0.020370
3 0.883333 0.379630 0.039583 0.159259
3 0.928646 0.317593 0.034375 0.120370
3 0.532292 0.368519 0.029167 0.166667
4 0.466146 0.208333 0.053125 0.112963
4 0.898958 0.160185 0.085417 0.101852
