0 0.334896 0.782407 0.128125 0.305556
6 0.499479 0.768519 0.128125 0.270370
6 0.609896 0.549074 0.115625 0.157407
6 0.454167 0.173148 0.033333 0.053704
6 0.507292 0.187037 0.050000 0.048148
1 0.334375 0.850000 0.045833 0.022222
3 0.335417 0.507407 0.031250 0.144444
3 0.409375 0.510185 0.037500 0.153704
3 0.455208 0.494444 0.041667 0.148148
3 0.506771 0.497222 0.044792 0.146296
4 0.751563 0.644444 0.107292 0.225926
4 0.176563 0.763889 0.113542 0.275926
4 0.484896 0.878704 0.117708 0.242593
4 0.370312 0.168519 0.028125 0.055556
6 0.840625 0.256481 0.158333 0.168519
6 0.415625 0.174074 0.050000 0.081481
6 0.928646 0.150926 0.046875 0.098148
