0 0.245312 0.789815 0.203125 0.283333
0 0.410938 0.850926 0.203125 0.298148
0 0.659375 0.817593 0.170833 0.298148
0 0.889062 0.907407 0.221875 0.174074
0 0.853125 0.713889 0.160417 0.220370
0 0.698438 0.632407 0.130208 0.220370
0 0.458854 0.647222 0.126042 0.179630
0 0.334896 0.595370 0.169792 0.212963
0 0.597396 0.265741 0.128125 0.109259
0 0.841146 0.263889 0.169792 0.142593
0 0.744271 0.211111 0.071875 0.085185
0 0.747396 0.154630 0.082292 0.064815
0 0.691146 0.048148 0.026042 0.040741
1 0.383854 0.931481 0.048958 0.025926
1 0.641146 0.873148 0.048958 0.027778
1 0.865104 0.778704 0.048958 0.024074
2 0.302083 0.628704 0.033333 0.012963
3 0.222396 0.887963 0.080208 0.224074
3 0.570833 0.604630 0.058333 0.205556
3 0.603646 0.530556 0.046875 0.179630
3 0.811458 0.507407 0.054167 0.185185
3 0.783333 0.452778 0.033333 0.150000
3 0.681771 0.179630 0.038542 0.077778
4 0.608854 0.064815 0.023958 0.044444
4 0.621354 0.056481 0.015625 0.046296
4 0.630729 0.052778 0.013542 0.042593
5 0.541667 0.153704 0.166667 0.140741
