0 0.244271 0.792593 0.209375 0.281481
0 0.411458 0.851852 0.193750 0.285185
0 0.657813 0.808333 0.173958 0.287037
0 0.888021 0.909259 0.215625 0.181481
0 0.852083 0.714815 0.158333 0.218519
0 0.698438 0.630556 0.130208 0.216667
0 0.459896 0.651852 0.128125 0.181481
0 0.336458 0.598148 0.168750 0.211111
0 0.575000 0.200926 0.106250 0.068519
0 0.639062 0.284259 0.171875 0.120370
0 0.757812 0.262963 0.094792 0.092593
0 0.732812 0.191667 0.107292 0.068519
0 0.685417 0.075926 0.025000 0.055556
1 0.381771 0.930556 0.046875 0.024074
1 0.641667 0.874074 0.047917 0.022222
2 0.865104 0.783333 0.046875 0.022222
2 0.558854 0.719444 0.015625 0.016667
2 0.301563 0.630556 0.038542 0.020370
3 0.226042 0.889815 0.075000 0.220370
3 0.561979 0.676852 0.061458 0.224074
3 0.588542 0.576852 0.050000 0.194444
3 0.810417 0.503704 0.047917 0.185185
3 0.785417 0.456481 0.033333 0.153704
4 0.609375 0.062037 0.020833 0.050000
4 0.620313 0.057407 0.019792 0.048148
4 0.630208 0.053704 0.014583 0.044444
5 0.539583 0.138889 0.170833 0.111111
