0 0.240625 0.611111 0.127083 0.188889
0 0.361458 0.612037 0.093750 0.268519
0 0.389583 0.501852 0.095833 0.159259
0 0.528125 0.441667 0.066667 0.112963
0 0.586458 0.591667 0.079167 0.194444
0 0.563021 0.912037 0.198958 0.175926
0 0.726562 0.819444 0.205208 0.290741
0 0.643750 0.437037 0.081250 0.125926
0 0.536458 0.221296 0.064583 0.064815
0 0.675000 0.291667 0.075000 0.083333
0 0.871354 0.240741 0.076042 0.062963
2 0.225521 0.624074 0.030208 0.022222
2 0.360938 0.653704 0.030208 0.014815
2 0.766667 0.888889 0.045833 0.022222
2 0.554167 0.716667 0.018750 0.029630
3 0.661979 0.532407 0.038542 0.187037
3 0.818750 0.722222 0.064583 0.222222
3 0.386458 0.164815 0.010417 0.048148
3 0.348438 0.162963 0.013542 0.044444
3 0.923958 0.241667 0.031250 0.061111
4 0.729688 0.590741 0.094792 0.177778
4 0.781250 0.301852 0.052083 0.092593
4 0.354687 0.121296 0.013542 0.031481
4 0.901042 0.164815 0.022917 0.044444
5 0.866146 0.150000 0.053125 0.070370
6 0.505729 0.666667 0.132292 0.325926
