0 0.260937 0.557407 0.117708 0.181481
0 0.363542 0.563889 0.081250 0.227778
0 0.404687 0.475000 0.090625 0.153704
0 0.539583 0.405556 0.066667 0.107407
0 0.571354 0.549074 0.084375 0.179630
0 0.543750 0.877778 0.187500 0.244444
0 0.688542 0.737963 0.172917 0.253704
0 0.666667 0.412963 0.091667 0.129630
0 0.503125 0.231481 0.060417 0.062963
0 0.728125 0.278704 0.072917 0.068519
0 0.938542 0.236111 0.079167 0.053704
0 0.947396 0.171296 0.055208 0.038889
2 0.246354 0.566667 0.028125 0.018519
2 0.364583 0.596296 0.025000 0.014815
2 0.541667 0.663889 0.018750 0.024074
2 0.716146 0.792593 0.036458 0.018519
2 0.569271 0.988889 0.048958 0.022222
3 0.119792 0.826852 0.050000 0.287037
3 0.764583 0.648148 0.064583 0.185185
3 0.381250 0.154630 0.010417 0.042593
3 0.345833 0.159259 0.014583 0.055556
4 0.696875 0.544444 0.085417 0.148148
4 0.841667 0.279630 0.050000 0.085185
4 0.828646 0.243519 0.046875 0.068519
4 0.834375 0.171296 0.022917 0.050000
5 0.866667 0.154630 0.052083 0.075926
6 0.502083 0.610185 0.112500 0.294444
