0 0.333854 0.786111 0.119792 0.309259
0 0.505208 0.832407 0.143750 0.287037
0 0.616146 0.545370 0.113542 0.164815
0 0.597396 0.335185 0.115625 0.096296
0 0.373958 0.156481 0.031250 0.046296
0 0.680208 0.213889 0.052083 0.068519
1 0.335417 0.849074 0.045833 0.016667
1 0.516146 0.868519 0.044792 0.022222
3 0.228125 0.730556 0.050000 0.216667
3 0.282813 0.568519 0.053125 0.151852
3 0.503646 0.495370 0.038542 0.150000
3 0.526042 0.611111 0.033333 0.144444
3 0.648958 0.727778 0.054167 0.214815
4 0.765625 0.667593 0.110417 0.242593
4 0.409375 0.159259 0.020833 0.044444
6 0.227083 0.319444 0.183333 0.161111
6 0.929688 0.148148 0.046875 0.096296
