0 0.550000 0.686111 0.139583 0.253704
0 0.509896 0.875000 0.169792 0.250000
0 0.744271 0.608333 0.130208 0.220370
0 0.796875 0.850926 0.204167 0.298148
0 0.637500 0.470370 0.108333 0.166667
0 0.049479 0.198148 0.057292 0.081481
0 0.029687 0.159259 0.055208 0.077778
2 0.139063 0.796296 0.017708 0.018519
2 0.211979 0.663889 0.015625 0.020370
2 0.375000 0.750000 0.018750 0.014815
2 0.554167 0.730556 0.039583 0.020370
2 0.512500 0.945370 0.043750 0.005556
2 0.630208 0.483333 0.033333 0.018519
2 0.759896 0.680556 0.036458 0.016667
2 0.820312 0.914815 0.053125 0.025926
3 0.227604 0.632407 0.055208 0.220370
3 0.799479 0.373148 0.034375 0.109259
4 0.098958 0.730556 0.122917 0.294444
4 0.341667 0.679630 0.108333 0.277778
4 0.751042 0.189815 0.054167 0.083333
