0 0.152604 0.826852 0.209375 0.268519
0 0.349479 0.832407 0.134375 0.335185
0 0.343750 0.606481 0.127083 0.175926
0 0.576042 0.577778 0.129167 0.140741
0 0.644792 0.715741 0.135417 0.257407
0 0.664583 0.535185 0.116667 0.159259
0 0.517188 0.355556 0.078125 0.107407
0 0.684375 0.263889 0.070833 0.075926
0 0.680208 0.201852 0.060417 0.055556
0 0.828125 0.304630 0.075000 0.064815
0 0.854167 0.936111 0.279167 0.127778
2 0.118229 0.871296 0.042708 0.024074
2 0.349479 0.904630 0.048958 0.024074
2 0.611979 0.933333 0.028125 0.037037
2 0.735417 0.642593 0.056250 0.222222
2 0.404687 0.189815 0.015625 0.053704
2 0.358854 0.175926 0.013542 0.048148
4 0.830729 0.747222 0.136458 0.250000
4 0.583333 0.382407 0.060417 0.131481
4 0.583333 0.287963 0.058333 0.090741
4 0.360417 0.133333 0.016667 0.040741
5 0.845313 0.224074 0.184375 0.144444
5 0.866146 0.140741 0.048958 0.051852
6 0.550521 0.814815 0.182292 0.362963
