0 0.285938 0.715741 0.134375 0.238889
0 0.651563 0.878704 0.190625 0.242593
0 0.644271 0.677778 0.136458 0.196296
0 0.826562 0.835185 0.157292 0.266667
0 0.250521 0.327778 0.188542 0.107407
0 0.628646 0.342593 0.121875 0.111111
0 0.548438 0.236111 0.078125 0.072222
0 0.168229 0.179630 0.073958 0.059259
0 0.333854 0.171296 0.059375 0.050000
0 0.554688 0.214815 0.069792 0.059259
0 0.330729 0.137963 0.032292 0.031481
0 0.401562 0.187037 0.028125 0.059259
0 0.534896 0.154630 0.028125 0.035185
0 0.514062 0.136111 0.028125 0.031481
1 0.683333 0.958333 0.052083 0.024074
2 0.280729 0.750926 0.040625 0.016667
2 0.465625 0.887037 0.022917 0.029630
2 0.655729 0.729630 0.040625 0.022222
3 0.133854 0.658333 0.061458 0.201852
3 0.406250 0.576852 0.089583 0.164815
3 0.538542 0.482407 0.043750 0.146296
3 0.552604 0.682407 0.034375 0.194444
3 0.732812 0.629630 0.057292 0.162963
3 0.620313 0.232407 0.036458 0.064815
3 0.672917 0.243519 0.035417 0.061111
4 0.438542 0.195370 0.025000 0.057407
6 0.466146 0.749074 0.140625 0.383333
6 0.470833 0.194444 0.047917 0.100000
