0 0.338542 0.792593 0.127083 0.318519
0 0.510417 0.846296 0.152083 0.296296
0 0.611979 0.547222 0.113542 0.157407
0 0.648958 0.337037 0.114583 0.096296
0 0.375000 0.161111 0.033333 0.051852
0 0.802604 0.251852 0.078125 0.066667
1 0.335938 0.846296 0.040625 0.018519
1 0.520833 0.880556 0.045833 0.024074
3 0.223958 0.756481 0.054167 0.231481
3 0.269271 0.584259 0.053125 0.161111
3 0.504687 0.501852 0.038542 0.151852
3 0.538021 0.627778 0.051042 0.144444
3 0.669271 0.746296 0.057292 0.225926
3 0.038021 0.319444 0.059375 0.090741
4 0.768229 0.675000 0.113542 0.253704
4 0.415625 0.159259 0.020833 0.051852
4 0.488021 0.187963 0.032292 0.046296
6 0.293229 0.324074 0.178125 0.155556
6 0.927083 0.152778 0.047917 0.105556
6 0.635417 0.237963 0.077083 0.101852
