0 0.571354 0.555556 0.142708 0.188889
0 0.514583 0.215741 0.093750 0.079630
0 0.547917 0.181481 0.120833 0.077778
0 0.646875 0.210185 0.112500 0.075926
0 0.721354 0.156481 0.105208 0.105556
0 0.814583 0.192593 0.100000 0.085185
0 0.851562 0.227778 0.138542 0.092593
0 0.936458 0.163889 0.127083 0.087037
0 0.686979 0.045370 0.032292 0.038889
0 0.721875 0.047222 0.029167 0.042593
0 0.750000 0.050926 0.047917 0.053704
2 0.543229 0.574074 0.040625 0.025926
4 0.593229 0.068519 0.023958 0.048148
4 0.608854 0.066667 0.015625 0.040741
4 0.623437 0.058333 0.015625 0.046296
