0 0.319271 0.849074 0.136458 0.201852
0 0.444792 0.812037 0.129167 0.227778
0 0.512500 0.962037 0.154167 0.075926
0 0.327083 0.435185 0.112500 0.088889
0 0.658333 0.691667 0.110417 0.161111
0 0.582292 0.461111 0.156250 0.088889
0 0.731771 0.447222 0.136458 0.090741
0 0.744271 0.372222 0.086458 0.062963
0 0.552604 0.339815 0.055208 0.061111
0 0.514583 0.297222 0.029167 0.050000
0 0.467187 0.282407 0.030208 0.053704
0 0.460417 0.259259 0.022917 0.040741
0 0.497396 0.238889 0.013542 0.029630
0 0.488542 0.217593 0.014583 0.031481
2 0.309375 0.900000 0.037500 0.022222
2 0.433854 0.899074 0.036458 0.016667
2 0.756250 0.950000 0.016667 0.022222
3 0.079167 0.893519 0.037500 0.212963
3 0.262500 0.663889 0.054167 0.146296
3 0.368750 0.637963 0.054167 0.157407
3 0.222917 0.464815 0.037500 0.085185
3 0.281771 0.468519 0.061458 0.100000
3 0.527083 0.481481 0.066667 0.100000
3 0.600521 0.542593 0.036458 0.096296
3 0.496875 0.314815 0.018750 0.062963
3 0.544271 0.345370 0.026042 0.061111
4 0.216667 0.762963 0.093750 0.203704
4 0.579688 0.747222 0.080208 0.220370
4 0.660937 0.906481 0.121875 0.187037
6 0.170313 0.875000 0.144792 0.250000
6 0.741146 0.818519 0.140625 0.318519
