0 0.338542 0.790741 0.131250 0.322222
0 0.500000 0.768519 0.131250 0.266667
0 0.611979 0.550000 0.113542 0.162963
0 0.519792 0.193519 0.047917 0.053704
0 0.461979 0.176852 0.044792 0.057407
1 0.336458 0.850000 0.043750 0.022222
3 0.336979 0.505556 0.036458 0.144444
3 0.402083 0.513889 0.033333 0.157407
3 0.458333 0.496296 0.045833 0.148148
3 0.506250 0.498148 0.043750 0.144444
4 0.481771 0.877778 0.126042 0.244444
4 0.171875 0.781481 0.110417 0.285185
4 0.752604 0.646296 0.101042 0.229630
4 0.370833 0.166667 0.025000 0.055556
6 0.927083 0.143519 0.047917 0.098148
6 0.860938 0.270370 0.196875 0.174074
