0 0.550000 0.689815 0.141667 0.257407
0 0.510938 0.878704 0.163542 0.242593
0 0.745833 0.608333 0.137500 0.224074
0 0.794271 0.850926 0.209375 0.298148
0 0.634896 0.464815 0.105208 0.148148
0 0.053646 0.200926 0.055208 0.079630
0 0.029687 0.160185 0.055208 0.075926
2 0.143229 0.761111 0.017708 0.018519
2 0.376042 0.752778 0.016667 0.020370
2 0.554167 0.731481 0.041667 0.018519
2 0.517188 0.960185 0.055208 0.027778
2 0.820312 0.917593 0.053125 0.031481
2 0.758333 0.679630 0.031250 0.018519
2 0.629167 0.485185 0.033333 0.022222
3 0.226562 0.629630 0.055208 0.214815
3 0.803125 0.375926 0.041667 0.107407
4 0.107813 0.695370 0.119792 0.279630
4 0.343229 0.670370 0.107292 0.274074
4 0.677083 0.199074 0.062500 0.094444
