0 0.318750 0.848148 0.133333 0.218519
0 0.443229 0.813889 0.130208 0.220370
0 0.505729 0.961111 0.163542 0.077778
0 0.632292 0.626852 0.104167 0.157407
0 0.611458 0.453704 0.125000 0.088889
0 0.677083 0.427778 0.095833 0.092593
0 0.521354 0.315741 0.046875 0.064815
0 0.496354 0.301852 0.030208 0.048148
0 0.459896 0.243519 0.021875 0.038889
0 0.505208 0.240741 0.016667 0.033333
0 0.499479 0.272222 0.030208 0.037037
2 0.307292 0.898148 0.041667 0.022222
2 0.070312 0.939815 0.013542 0.020370
2 0.433333 0.896296 0.041667 0.022222
2 0.645312 0.646296 0.026042 0.014815
2 0.757292 0.950000 0.014583 0.014815
3 0.077083 0.894444 0.041667 0.200000
3 0.368229 0.638889 0.057292 0.155556
3 0.606250 0.512963 0.050000 0.077778
3 0.440104 0.268519 0.011458 0.048148
3 0.469271 0.263889 0.007292 0.031481
3 0.259375 0.661111 0.058333 0.148148
4 0.215104 0.756481 0.094792 0.183333
4 0.580208 0.702778 0.081250 0.212963
4 0.659375 0.901852 0.129167 0.196296
4 0.374479 0.456481 0.078125 0.098148
4 0.472917 0.475926 0.089583 0.111111
6 0.171354 0.875000 0.146875 0.250000
6 0.742708 0.823148 0.147917 0.331481
