0 0.241667 0.790741 0.204167 0.274074
0 0.411458 0.850926 0.200000 0.290741
0 0.657813 0.816667 0.173958 0.292593
0 0.888021 0.905556 0.223958 0.174074
0 0.855729 0.717593 0.161458 0.224074
0 0.457292 0.648148 0.125000 0.185185
0 0.335938 0.603704 0.167708 0.222222
0 0.697396 0.629630 0.130208 0.214815
0 0.536458 0.286111 0.170833 0.112963
0 0.633854 0.268519 0.101042 0.100000
0 0.738021 0.201852 0.105208 0.088889
0 0.872396 0.166667 0.094792 0.066667
0 0.684375 0.073148 0.029167 0.050000
1 0.381250 0.930556 0.045833 0.020370
1 0.640625 0.874074 0.050000 0.025926
1 0.864062 0.781481 0.046875 0.018519
2 0.302083 0.627778 0.035417 0.014815
3 0.224479 0.890741 0.078125 0.218519
3 0.565625 0.658333 0.066667 0.216667
3 0.590104 0.566667 0.053125 0.196296
3 0.811458 0.505556 0.050000 0.177778
3 0.788542 0.451852 0.043750 0.148148
3 0.665625 0.177778 0.050000 0.077778
4 0.610417 0.065741 0.020833 0.053704
4 0.621875 0.059259 0.016667 0.051852
4 0.632292 0.050926 0.010417 0.042593
5 0.539583 0.153704 0.172917 0.140741
