0 0.177604 0.762963 0.182292 0.237037
0 0.352604 0.564815 0.115625 0.148148
0 0.354687 0.775926 0.128125 0.348148
0 0.564063 0.537963 0.113542 0.116667
0 0.636458 0.696296 0.120833 0.229630
0 0.831771 0.914815 0.282292 0.170370
0 0.656250 0.512037 0.108333 0.146296
0 0.554167 0.337037 0.079167 0.100000
0 0.642188 0.201852 0.061458 0.055556
0 0.716667 0.261111 0.058333 0.066667
0 0.890625 0.295370 0.070833 0.083333
0 0.868750 0.143519 0.050000 0.053704
2 0.148438 0.801852 0.040625 0.014815
2 0.349479 0.839815 0.040625 0.020370
2 0.594271 0.861111 0.023958 0.025926
2 0.646875 0.722222 0.039583 0.018519
2 0.343229 0.597222 0.032292 0.016667
3 0.722917 0.629630 0.039583 0.211111
3 0.401042 0.184259 0.012500 0.050000
3 0.355208 0.171296 0.016667 0.057407
4 0.813021 0.717593 0.121875 0.224074
4 0.630729 0.361111 0.063542 0.118519
4 0.622917 0.275926 0.047917 0.077778
4 0.359375 0.135185 0.014583 0.037037
5 0.895833 0.217593 0.195833 0.120370
6 0.533854 0.786111 0.159375 0.405556
