0 0.338542 0.787963 0.127083 0.320370
0 0.496354 0.765741 0.123958 0.261111
0 0.611458 0.549074 0.112500 0.161111
0 0.483333 0.186111 0.041667 0.050000
0 0.546875 0.195370 0.052083 0.050000
0 0.661458 0.215741 0.045833 0.050000
0 0.878646 0.176852 0.032292 0.046296
1 0.333333 0.846296 0.043750 0.018519
3 0.333333 0.505556 0.039583 0.151852
3 0.401562 0.525926 0.040625 0.159259
3 0.455208 0.500926 0.037500 0.153704
3 0.505729 0.499074 0.042708 0.142593
3 0.514062 0.206481 0.015625 0.050000
4 0.156771 0.843519 0.123958 0.309259
4 0.484375 0.883333 0.116667 0.233333
4 0.753646 0.637963 0.098958 0.224074
4 0.381250 0.175000 0.018750 0.053704
4 0.796875 0.269444 0.054167 0.087037
6 0.922396 0.275926 0.155208 0.170370
6 0.436458 0.184259 0.045833 0.079630
6 0.930729 0.150926 0.046875 0.098148
