0 0.319792 0.847222 0.135417 0.209259
0 0.446354 0.817593 0.138542 0.231481
0 0.515104 0.958333 0.165625 0.083333
0 0.661458 0.705556 0.112500 0.159259
0 0.271875 0.448148 0.095833 0.077778
0 0.448437 0.429630 0.115625 0.085185
0 0.589063 0.350000 0.065625 0.062963
0 0.695312 0.461111 0.144792 0.100000
0 0.471354 0.294444 0.034375 0.051852
0 0.520312 0.302778 0.034375 0.057407
0 0.461458 0.268519 0.029167 0.040741
0 0.497917 0.240741 0.020833 0.029630
0 0.465625 0.210185 0.012500 0.027778
2 0.071875 0.942593 0.014583 0.018519
2 0.309375 0.900926 0.043750 0.027778
2 0.433854 0.898148 0.038542 0.018519
2 0.756250 0.951852 0.014583 0.018519
3 0.077604 0.889815 0.040625 0.209259
3 0.369792 0.634259 0.060417 0.153704
3 0.260937 0.663889 0.053125 0.142593
3 0.416146 0.462037 0.059375 0.098148
3 0.342708 0.457407 0.062500 0.096296
3 0.600000 0.532407 0.033333 0.116667
3 0.609896 0.503704 0.040625 0.107407
3 0.511458 0.328704 0.016667 0.053704
4 0.218750 0.762963 0.089583 0.196296
4 0.578646 0.761111 0.080208 0.225926
4 0.659375 0.906481 0.129167 0.187037
4 0.232292 0.488889 0.064583 0.107407
6 0.171354 0.875926 0.148958 0.248148
6 0.747396 0.814815 0.148958 0.322222
