0 0.264583 0.537963 0.114583 0.175926
0 0.372396 0.546296 0.088542 0.225926
0 0.407813 0.474074 0.088542 0.151852
0 0.543750 0.868519 0.185417 0.251852
0 0.680729 0.717593 0.167708 0.253704
0 0.548958 0.402778 0.075000 0.101852
0 0.569792 0.544444 0.077083 0.174074
0 0.669792 0.397222 0.087500 0.120370
0 0.490104 0.233333 0.048958 0.059259
0 0.744271 0.274074 0.067708 0.070370
0 0.943750 0.237037 0.058333 0.066667
0 0.965625 0.173148 0.060417 0.042593
2 0.246875 0.551852 0.025000 0.018519
2 0.368750 0.579630 0.033333 0.018519
2 0.535417 0.649074 0.014583 0.027778
2 0.563542 0.965741 0.043750 0.020370
2 0.706771 0.773148 0.042708 0.020370
3 0.129167 0.788889 0.052083 0.248148
3 0.753125 0.625926 0.047917 0.177778
3 0.378125 0.152778 0.012500 0.038889
3 0.342708 0.158333 0.014583 0.046296
4 0.686979 0.526852 0.084375 0.135185
4 0.858854 0.275000 0.051042 0.083333
4 0.847917 0.241667 0.052083 0.064815
4 0.905208 0.165741 0.020833 0.042593
5 0.865104 0.152778 0.048958 0.075926
6 0.499479 0.608333 0.113542 0.298148
