0 0.453646 0.499074 0.134375 0.198148
0 0.338542 0.363889 0.125000 0.150000
0 0.465625 0.350000 0.131250 0.151852
0 0.588021 0.424074 0.103125 0.174074
0 0.482292 0.937037 0.225000 0.118519
0 0.274479 0.251852 0.184375 0.148148
0 0.365625 0.123148 0.129167 0.083333
0 0.465104 0.124074 0.132292 0.096296
2 0.319792 0.375000 0.033333 0.020370
2 0.447396 0.513889 0.032292 0.016667
2 0.588542 0.461111 0.027083 0.014815
3 0.875000 0.375000 0.035417 0.161111
3 0.927083 0.325000 0.035417 0.138889
4 0.426042 0.228704 0.070833 0.131481
