0 0.321354 0.851852 0.134375 0.218519
0 0.441667 0.814815 0.133333 0.233333
0 0.513021 0.961111 0.161458 0.077778
0 0.636979 0.631481 0.096875 0.159259
0 0.350521 0.461111 0.113542 0.092593
0 0.380208 0.425000 0.093750 0.098148
0 0.505729 0.299074 0.038542 0.057407
0 0.490625 0.285185 0.027083 0.044444
0 0.459896 0.236111 0.017708 0.031481
0 0.506250 0.230556 0.016667 0.027778
0 0.498958 0.256481 0.018750 0.027778
2 0.070833 0.942593 0.016667 0.014815
2 0.306771 0.900926 0.040625 0.016667
2 0.432292 0.900000 0.039583 0.022222
2 0.643750 0.642593 0.027083 0.014815
2 0.757292 0.952778 0.018750 0.016667
3 0.075521 0.895370 0.036458 0.209259
3 0.261458 0.661111 0.052083 0.133333
3 0.370833 0.637037 0.054167 0.151852
3 0.608333 0.508333 0.054167 0.105556
3 0.440625 0.258333 0.006250 0.038889
3 0.467187 0.257407 0.013542 0.037037
4 0.216146 0.762963 0.098958 0.192593
4 0.582292 0.700000 0.075000 0.211111
4 0.658854 0.904630 0.128125 0.190741
4 0.258854 0.482407 0.098958 0.109259
5 0.694792 0.419444 0.272917 0.216667
6 0.169792 0.875000 0.154167 0.250000
6 0.743229 0.817593 0.148958 0.327778
