0 0.324479 0.847222 0.140625 0.216667
0 0.447396 0.812037 0.134375 0.235185
0 0.513542 0.957407 0.162500 0.085185
0 0.635417 0.629630 0.104167 0.151852
0 0.272396 0.465741 0.096875 0.094444
0 0.283333 0.425926 0.100000 0.081481
0 0.504167 0.291667 0.033333 0.050000
0 0.486979 0.272222 0.021875 0.044444
0 0.459375 0.236111 0.018750 0.035185
0 0.504167 0.225926 0.018750 0.029630
2 0.070833 0.945370 0.016667 0.020370
2 0.308854 0.900926 0.036458 0.024074
2 0.431771 0.897222 0.040625 0.020370
2 0.645312 0.644444 0.030208 0.011111
2 0.756250 0.950926 0.016667 0.020370
3 0.077604 0.890741 0.044792 0.207407
3 0.260417 0.664815 0.047917 0.144444
3 0.370833 0.635185 0.058333 0.155556
3 0.607812 0.501852 0.053125 0.107407
3 0.445833 0.251852 0.008333 0.033333
3 0.468229 0.253704 0.009375 0.029630
4 0.217708 0.759259 0.095833 0.188889
4 0.580729 0.692593 0.078125 0.203704
4 0.658333 0.904630 0.125000 0.190741
5 0.636979 0.419444 0.296875 0.224074
6 0.171354 0.874074 0.146875 0.251852
6 0.742708 0.825926 0.145833 0.337037
