0 0.243750 0.791667 0.206250 0.283333
0 0.395313 0.867593 0.209375 0.264815
0 0.654167 0.812963 0.166667 0.285185
0 0.888021 0.910185 0.219792 0.179630
0 0.855208 0.719444 0.158333 0.231481
0 0.457813 0.673148 0.128125 0.224074
0 0.338021 0.606481 0.171875 0.220370
0 0.698438 0.630556 0.130208 0.216667
0 0.698958 0.195370 0.116667 0.079630
0 0.694271 0.090741 0.034375 0.051852
0 0.952604 0.266667 0.090625 0.114815
1 0.365104 0.980556 0.051042 0.020370
1 0.641146 0.875000 0.046875 0.020370
1 0.864583 0.781481 0.050000 0.022222
2 0.302083 0.627778 0.035417 0.014815
2 0.453125 0.739815 0.039583 0.020370
2 0.694271 0.668519 0.036458 0.018519
3 0.226562 0.887037 0.080208 0.225926
3 0.558854 0.694444 0.051042 0.237037
3 0.583333 0.607407 0.060417 0.200000
3 0.809375 0.505556 0.052083 0.181481
3 0.783854 0.455556 0.030208 0.151852
3 0.683333 0.228704 0.045833 0.083333
4 0.609375 0.061111 0.018750 0.044444
4 0.621354 0.056481 0.015625 0.046296
4 0.630729 0.055556 0.011458 0.033333
5 0.536458 0.162963 0.181250 0.140741
