0 0.287500 0.479630 0.104167 0.144444
0 0.381250 0.512037 0.079167 0.205556
0 0.417187 0.453704 0.090625 0.148148
0 0.518229 0.819444 0.176042 0.275926
0 0.650521 0.658333 0.153125 0.227778
0 0.838021 0.936111 0.234375 0.127778
0 0.578125 0.368519 0.075000 0.100000
0 0.463021 0.238889 0.055208 0.066667
0 0.701562 0.368519 0.078125 0.100000
0 0.800000 0.262963 0.072917 0.074074
2 0.536979 0.881481 0.040625 0.018519
2 0.671354 0.703704 0.032292 0.014815
2 0.528125 0.598148 0.016667 0.022222
3 0.157292 0.698148 0.039583 0.225926
3 0.724479 0.586111 0.046875 0.164815
3 0.372917 0.145370 0.010417 0.038889
4 0.930729 0.261111 0.048958 0.077778
4 0.918229 0.234259 0.048958 0.068519
4 0.350521 0.113889 0.011458 0.027778
4 0.904687 0.169444 0.021875 0.042593
4 0.662500 0.485185 0.081250 0.118519
5 0.867708 0.150926 0.052083 0.075926
5 0.493750 0.558333 0.102083 0.275926
