0 0.319792 0.850000 0.135417 0.222222
6 0.445833 0.823148 0.133333 0.246296
6 0.511979 0.960185 0.163542 0.079630
6 0.643750 0.653704 0.110417 0.155556
6 0.266146 0.464815 0.132292 0.088889
6 0.398958 0.440741 0.133333 0.092593
6 0.596354 0.463889 0.126042 0.098148
6 0.730208 0.362963 0.102083 0.085185
6 0.579688 0.350000 0.055208 0.062963
6 0.510938 0.307407 0.030208 0.051852
6 0.508333 0.270370 0.022917 0.048148
6 0.460938 0.268519 0.026042 0.037037
6 0.499479 0.224074 0.017708 0.029630
6 0.464062 0.203704 0.013542 0.018519
2 0.309375 0.900926 0.037500 0.024074
2 0.071875 0.943519 0.014583 0.016667
2 0.431771 0.894444 0.036458 0.025926
2 0.758333 0.950000 0.022917 0.022222
3 0.079167 0.889815 0.043750 0.198148
3 0.263542 0.665741 0.052083 0.142593
3 0.368229 0.635185 0.057292 0.155556
3 0.589583 0.547222 0.025000 0.109259
3 0.715625 0.606481 0.029167 0.120370
3 0.225000 0.493519 0.062500 0.098148
3 0.459375 0.312963 0.016667 0.048148
3 0.476562 0.299074 0.015625 0.050000
4 0.218229 0.755556 0.098958 0.185185
4 0.582292 0.713889 0.077083 0.190741
4 0.661458 0.904630 0.118750 0.190741
6 0.177604 0.872222 0.144792 0.255556
6 0.747396 0.824074 0.142708 0.340741
