0 0.321354 0.851852 0.134375 0.211111
0 0.444271 0.816667 0.134375 0.222222
0 0.508333 0.961111 0.166667 0.077778
0 0.633333 0.625000 0.108333 0.150000
0 0.567708 0.459259 0.122917 0.100000
0 0.631250 0.425000 0.089583 0.094444
0 0.516146 0.314815 0.046875 0.066667
0 0.495833 0.291667 0.031250 0.031481
0 0.460417 0.242593 0.016667 0.025926
0 0.501563 0.235185 0.015625 0.029630
2 0.070833 0.946296 0.020833 0.018519
2 0.308333 0.898148 0.035417 0.018519
2 0.432812 0.897222 0.036458 0.020370
2 0.643750 0.644444 0.022917 0.018519
2 0.080729 0.889815 0.048958 0.198148
2 0.369271 0.639815 0.055208 0.150000
2 0.260937 0.658333 0.048958 0.135185
2 0.440625 0.265741 0.010417 0.035185
2 0.469271 0.262037 0.009375 0.031481
2 0.609375 0.506481 0.045833 0.098148
4 0.217708 0.761111 0.097917 0.196296
4 0.580208 0.700926 0.077083 0.209259
4 0.659375 0.905556 0.129167 0.188889
4 0.327604 0.454630 0.084375 0.098148
4 0.438542 0.477778 0.095833 0.107407
6 0.168229 0.877778 0.146875 0.244444
6 0.745833 0.818519 0.139583 0.318519
