0 0.243229 0.790741 0.207292 0.277778
0 0.412500 0.850926 0.202083 0.287037
0 0.657813 0.812037 0.176042 0.287037
0 0.884375 0.910185 0.214583 0.179630
0 0.852604 0.715741 0.155208 0.224074
0 0.698438 0.630556 0.130208 0.224074
0 0.460938 0.650000 0.123958 0.181481
0 0.336458 0.600000 0.164583 0.211111
0 0.486458 0.289815 0.172917 0.105556
0 0.578125 0.272222 0.083333 0.088889
0 0.740104 0.202778 0.096875 0.087037
0 0.858333 0.165741 0.104167 0.083333
0 0.685937 0.068519 0.028125 0.044444
1 0.640104 0.873148 0.046875 0.020370
1 0.383333 0.931481 0.043750 0.022222
1 0.864583 0.781481 0.047917 0.025926
2 0.302083 0.627778 0.035417 0.014815
2 0.563542 0.696296 0.014583 0.022222
3 0.226042 0.887963 0.075000 0.224074
3 0.565104 0.648148 0.053125 0.203704
3 0.592187 0.560185 0.055208 0.183333
3 0.812500 0.509259 0.058333 0.181481
3 0.786458 0.452778 0.041667 0.150000
3 0.640625 0.237963 0.054167 0.090741
4 0.610417 0.065741 0.020833 0.050000
4 0.621354 0.059259 0.015625 0.040741
4 0.628646 0.050926 0.013542 0.038889
5 0.538021 0.160185 0.178125 0.146296
