0 0.240625 0.790741 0.206250 0.274074
0 0.413021 0.851852 0.201042 0.296296
0 0.337500 0.603704 0.172917 0.218519
0 0.458854 0.651852 0.123958 0.181481
0 0.656771 0.819444 0.173958 0.298148
0 0.883333 0.909259 0.214583 0.181481
0 0.850000 0.717593 0.160417 0.235185
0 0.698958 0.634259 0.131250 0.224074
0 0.828125 0.253704 0.135417 0.103704
0 0.745833 0.206481 0.083333 0.090741
0 0.814063 0.166667 0.096875 0.085185
0 0.380729 0.298148 0.076042 0.114815
0 0.685417 0.058333 0.025000 0.038889
1 0.639583 0.875000 0.045833 0.024074
1 0.382292 0.931481 0.045833 0.022222
1 0.864583 0.781481 0.047917 0.018519
2 0.302083 0.629630 0.035417 0.022222
2 0.564583 0.672222 0.016667 0.018519
3 0.225000 0.888889 0.079167 0.222222
3 0.570312 0.631481 0.057292 0.218519
3 0.588021 0.543519 0.048958 0.168519
3 0.808333 0.503704 0.056250 0.185185
3 0.789583 0.453704 0.043750 0.155556
3 0.640625 0.237963 0.054167 0.090741
3 0.679688 0.177778 0.038542 0.081481
4 0.608854 0.062963 0.019792 0.048148
4 0.621875 0.058333 0.016667 0.046296
4 0.629167 0.050926 0.012500 0.042593
5 0.537500 0.149074 0.181250 0.127778
