0 0.550521 0.687037 0.138542 0.251852
0 0.512500 0.878704 0.166667 0.242593
0 0.636458 0.472222 0.106250 0.170370
0 0.745833 0.613889 0.129167 0.224074
0 0.795312 0.851852 0.211458 0.296296
0 0.043750 0.225926 0.085417 0.092593
0 0.457292 0.050926 0.016667 0.027778
2 0.212500 0.665741 0.014583 0.016667
2 0.377083 0.750000 0.016667 0.018519
2 0.517188 0.960185 0.055208 0.031481
2 0.552604 0.729630 0.038542 0.014815
2 0.820833 0.919444 0.052083 0.031481
2 0.758854 0.678704 0.038542 0.016667
2 0.630208 0.482407 0.035417 0.020370
3 0.226042 0.632407 0.056250 0.220370
3 0.678646 0.353704 0.055208 0.129630
3 0.803646 0.375000 0.038542 0.112963
4 0.940104 0.150926 0.044792 0.079630
4 0.067708 0.877778 0.133333 0.244444
4 0.342187 0.685185 0.115625 0.248148
