0 0.548958 0.682407 0.141667 0.242593
0 0.051562 0.200000 0.057292 0.077778
0 0.031250 0.159259 0.058333 0.074074
0 0.511458 0.874074 0.162500 0.251852
0 0.634896 0.467593 0.107292 0.161111
0 0.746354 0.611111 0.134375 0.218519
0 0.797917 0.850926 0.214583 0.298148
2 0.143229 0.747222 0.017708 0.020370
2 0.212500 0.663889 0.016667 0.016667
2 0.376042 0.750000 0.014583 0.025926
2 0.517708 0.959259 0.064583 0.033333
2 0.551562 0.728704 0.036458 0.020370
2 0.628646 0.487963 0.036458 0.016667
2 0.761979 0.677778 0.040625 0.018519
2 0.819271 0.914815 0.051042 0.033333
3 0.225521 0.630556 0.053125 0.224074
3 0.802083 0.378704 0.037500 0.120370
4 0.107813 0.681481 0.113542 0.274074
4 0.343750 0.678704 0.114583 0.283333
4 0.523438 0.212037 0.071875 0.098148
