0 0.283333 0.721296 0.131250 0.253704
0 0.644792 0.671296 0.139583 0.183333
0 0.652604 0.877778 0.192708 0.244444
0 0.829688 0.824074 0.155208 0.244444
0 0.167187 0.181481 0.073958 0.062963
0 0.235417 0.168519 0.064583 0.055556
0 0.329688 0.150926 0.034375 0.057407
0 0.370833 0.170370 0.052083 0.048148
0 0.406250 0.194444 0.041667 0.062963
0 0.484896 0.187963 0.034375 0.053704
0 0.517188 0.163889 0.032292 0.046296
0 0.476562 0.146296 0.021875 0.029630
0 0.647917 0.225926 0.085417 0.055556
0 0.658854 0.262037 0.067708 0.064815
0 0.635938 0.351852 0.101042 0.096296
1 0.680729 0.958333 0.046875 0.024074
1 0.655208 0.729630 0.039583 0.022222
2 0.279687 0.750000 0.040625 0.014815
2 0.464062 0.887963 0.023958 0.027778
2 0.109375 0.852778 0.022917 0.020370
3 0.109375 0.800000 0.066667 0.244444
3 0.202604 0.647222 0.057292 0.198148
3 0.371354 0.555556 0.076042 0.166667
3 0.551562 0.687963 0.036458 0.201852
3 0.734896 0.632407 0.057292 0.179630
3 0.969271 0.919444 0.059375 0.161111
4 0.451042 0.187037 0.022917 0.059259
4 0.473438 0.209259 0.038542 0.066667
6 0.435937 0.162963 0.028125 0.070370
6 0.467708 0.750926 0.137500 0.372222
