0 0.384896 0.798148 0.151042 0.266667
0 0.163542 0.227778 0.089583 0.085185
1 0.394271 0.860185 0.042708 0.020370
2 0.215104 0.662963 0.013542 0.011111
3 0.156771 0.328704 0.071875 0.112963
3 0.170833 0.366667 0.029167 0.114815
3 0.497396 0.337963 0.055208 0.101852
3 0.610417 0.249074 0.035417 0.068519
3 0.488021 0.165741 0.011458 0.050000
3 0.547917 0.205556 0.027083 0.059259
3 0.579167 0.203704 0.027083 0.051852
4 0.185417 0.600926 0.087500 0.231481
4 0.470833 0.175000 0.027083 0.061111
5 0.223958 0.133333 0.168750 0.107407
