0 0.549479 0.687963 0.138542 0.253704
0 0.513021 0.901852 0.176042 0.196296
0 0.795833 0.851852 0.210417 0.296296
0 0.743229 0.607407 0.134375 0.218519
0 0.635417 0.468519 0.104167 0.162963
0 0.028125 0.295370 0.052083 0.127778
0 0.086979 0.214815 0.086458 0.092593
0 0.357292 0.228704 0.118750 0.087037
0 0.452083 0.060185 0.020833 0.035185
2 0.183333 0.736111 0.016667 0.016667
2 0.375521 0.748148 0.017708 0.018519
2 0.554688 0.730556 0.040625 0.020370
2 0.629167 0.483333 0.029167 0.018519
2 0.758854 0.678704 0.038542 0.016667
2 0.815625 0.913889 0.041667 0.020370
3 0.196875 0.693519 0.058333 0.235185
3 0.361979 0.468519 0.048958 0.137037
3 0.713021 0.362963 0.055208 0.151852
3 0.802604 0.368519 0.040625 0.103704
4 0.343750 0.685185 0.106250 0.262963
4 0.032292 0.213889 0.060417 0.094444
4 0.243229 0.215741 0.076042 0.094444
