0 0.583333 0.490741 0.104167 0.174074
0 0.767188 0.673148 0.148958 0.261111
0 0.600521 0.216667 0.121875 0.085185
0 0.686458 0.182407 0.108333 0.083333
0 0.776042 0.199074 0.077083 0.087037
0 0.862500 0.228704 0.145833 0.101852
0 0.864062 0.157407 0.121875 0.081481
0 0.691146 0.039815 0.021875 0.038889
0 0.722396 0.042593 0.034375 0.044444
0 0.756771 0.048148 0.034375 0.044444
2 0.580729 0.508333 0.034375 0.016667
3 0.686979 0.521296 0.044792 0.175926
4 0.592708 0.071296 0.018750 0.046296
4 0.607292 0.063889 0.018750 0.046296
4 0.620833 0.058333 0.018750 0.046296
