0 0.550000 0.686111 0.139583 0.246296
0 0.510417 0.876852 0.164583 0.246296
0 0.635417 0.468519 0.108333 0.166667
0 0.743750 0.610185 0.129167 0.216667
0 0.794271 0.852778 0.207292 0.294444
0 0.051042 0.198148 0.060417 0.081481
0 0.032292 0.166667 0.054167 0.085185
0 0.130729 0.137963 0.044792 0.057407
0 0.106771 0.151852 0.053125 0.066667
2 0.144271 0.749074 0.017708 0.016667
2 0.214062 0.665741 0.015625 0.016667
2 0.376042 0.750926 0.018750 0.020370
2 0.552083 0.731481 0.035417 0.018519
2 0.630208 0.487037 0.043750 0.022222
2 0.515625 0.959259 0.045833 0.018519
2 0.759896 0.680556 0.034375 0.016667
2 0.819792 0.920370 0.052083 0.029630
3 0.223958 0.630556 0.056250 0.220370
3 0.802083 0.377778 0.039583 0.118519
4 0.109375 0.685185 0.114583 0.274074
4 0.343229 0.677778 0.111458 0.285185
4 0.587500 0.211111 0.068750 0.092593
