0 0.549479 0.689815 0.140625 0.261111
0 0.510938 0.877778 0.161458 0.244444
0 0.795833 0.853704 0.200000 0.292593
0 0.742188 0.606481 0.132292 0.209259
0 0.633333 0.467593 0.104167 0.164815
0 0.051042 0.200926 0.056250 0.079630
0 0.029687 0.158333 0.053125 0.072222
0 0.461979 0.048148 0.015625 0.033333
2 0.121875 0.925000 0.018750 0.020370
2 0.207292 0.664815 0.006250 0.011111
2 0.369792 0.746296 0.002083 0.007407
2 0.551562 0.727778 0.034375 0.018519
2 0.514062 0.959259 0.055208 0.018519
2 0.624479 0.486111 0.028125 0.020370
2 0.759375 0.675000 0.037500 0.024074
2 0.820312 0.919444 0.055208 0.024074
3 0.223958 0.633333 0.056250 0.222222
3 0.800000 0.379630 0.031250 0.103704
4 0.339062 0.681481 0.105208 0.277778
4 0.084896 0.821296 0.153125 0.335185
4 0.878646 0.166667 0.048958 0.085185
