0 0.321875 0.850926 0.139583 0.209259
0 0.445833 0.822222 0.131250 0.237037
0 0.513021 0.960185 0.171875 0.079630
0 0.366667 0.433333 0.120833 0.092593
0 0.658333 0.695370 0.106250 0.164815
0 0.623958 0.463889 0.147917 0.098148
0 0.764062 0.447222 0.128125 0.083333
0 0.468750 0.285185 0.029167 0.044444
0 0.514583 0.299074 0.031250 0.053704
0 0.564583 0.343519 0.060417 0.061111
0 0.461979 0.263889 0.028125 0.046296
0 0.497396 0.237963 0.015625 0.031481
2 0.306771 0.901852 0.042708 0.018519
2 0.433333 0.898148 0.037500 0.018519
2 0.755208 0.948148 0.012500 0.014815
3 0.083333 0.897222 0.035417 0.205556
3 0.262500 0.661111 0.056250 0.140741
3 0.369271 0.641667 0.053125 0.153704
3 0.256771 0.459259 0.059375 0.096296
3 0.325521 0.465741 0.059375 0.094444
3 0.569271 0.478704 0.065625 0.094444
3 0.499479 0.320370 0.019792 0.055556
3 0.562500 0.355556 0.029167 0.059259
4 0.218750 0.758333 0.097917 0.198148
4 0.580729 0.753704 0.076042 0.222222
4 0.661979 0.904630 0.119792 0.190741
6 0.170313 0.875000 0.148958 0.250000
6 0.742708 0.820370 0.139583 0.322222
