0 0.341667 0.361111 0.120833 0.155556
0 0.200000 0.249074 0.210417 0.164815
0 0.452604 0.501852 0.123958 0.203704
0 0.468229 0.352778 0.138542 0.161111
0 0.586458 0.420370 0.093750 0.170370
0 0.480208 0.884259 0.204167 0.231481
0 0.443229 0.128704 0.126042 0.087037
0 0.540104 0.121296 0.130208 0.094444
2 0.320833 0.367593 0.031250 0.024074
2 0.449479 0.512037 0.036458 0.020370
3 0.875521 0.368519 0.038542 0.170370
3 0.543750 0.344444 0.039583 0.133333
3 0.921875 0.324074 0.029167 0.122222
4 0.400000 0.231481 0.081250 0.125926
