0 0.546875 0.687963 0.139583 0.253704
0 0.510938 0.878704 0.165625 0.235185
0 0.743750 0.609259 0.129167 0.218519
0 0.793750 0.853704 0.208333 0.292593
0 0.633333 0.472222 0.106250 0.170370
0 0.049479 0.200000 0.057292 0.077778
0 0.033333 0.162963 0.062500 0.081481
0 0.101562 0.151852 0.048958 0.055556
0 0.133854 0.139815 0.048958 0.053704
2 0.142187 0.750926 0.019792 0.020370
2 0.213021 0.664815 0.015625 0.022222
2 0.376042 0.749074 0.018750 0.012963
2 0.516146 0.960185 0.055208 0.024074
2 0.554167 0.730556 0.037500 0.016667
2 0.627604 0.487037 0.034375 0.018519
2 0.759375 0.675926 0.035417 0.022222
2 0.821354 0.921296 0.053125 0.027778
3 0.224479 0.627778 0.057292 0.218519
3 0.798438 0.374074 0.030208 0.103704
4 0.107292 0.685185 0.110417 0.270370
4 0.340104 0.682407 0.109375 0.283333
4 0.483854 0.214815 0.069792 0.096296
