0 0.241667 0.787963 0.210417 0.279630
0 0.411458 0.851852 0.200000 0.285185
0 0.660417 0.812037 0.175000 0.283333
0 0.882812 0.912037 0.215625 0.175926
0 0.853125 0.713889 0.160417 0.227778
0 0.460417 0.653704 0.127083 0.185185
0 0.338021 0.604630 0.167708 0.224074
0 0.697396 0.627778 0.128125 0.218519
0 0.797917 0.263889 0.172917 0.124074
0 0.539583 0.267593 0.125000 0.090741
0 0.578646 0.193519 0.101042 0.064815
0 0.741146 0.210185 0.063542 0.087037
0 0.735938 0.155556 0.084375 0.077778
0 0.690104 0.047222 0.026042 0.042593
1 0.384375 0.933333 0.047917 0.025926
1 0.640625 0.875926 0.043750 0.022222
1 0.864583 0.780556 0.050000 0.027778
2 0.303646 0.630556 0.034375 0.020370
3 0.222917 0.889815 0.087500 0.220370
3 0.565625 0.590741 0.058333 0.192593
3 0.616667 0.532407 0.066667 0.187037
3 0.811979 0.504630 0.053125 0.179630
3 0.785417 0.456481 0.039583 0.150000
3 0.685417 0.181481 0.037500 0.070370
4 0.609375 0.064815 0.018750 0.048148
4 0.622917 0.057407 0.018750 0.048148
4 0.627083 0.053704 0.018750 0.048148
5 0.544792 0.150926 0.170833 0.138889
