0 0.235937 0.623148 0.134375 0.198148
0 0.359375 0.629630 0.102083 0.270370
0 0.388542 0.500000 0.095833 0.155556
0 0.594271 0.603704 0.092708 0.203704
0 0.565104 0.920370 0.190625 0.159259
0 0.741667 0.837037 0.222917 0.296296
0 0.533333 0.453704 0.077083 0.103704
0 0.641146 0.440741 0.086458 0.125926
0 0.665104 0.297222 0.069792 0.087037
0 0.546875 0.216667 0.058333 0.062963
0 0.861458 0.242593 0.079167 0.062963
2 0.780729 0.916667 0.044792 0.025926
2 0.358333 0.669444 0.033333 0.020370
2 0.219271 0.639815 0.030208 0.020370
2 0.551562 0.725926 0.007292 0.018519
3 0.666667 0.550926 0.041667 0.183333
3 0.833333 0.735185 0.064583 0.218519
3 0.385937 0.162963 0.011458 0.044444
3 0.904687 0.239815 0.021875 0.068519
4 0.737500 0.604630 0.097917 0.183333
4 0.773958 0.303704 0.041667 0.096296
4 0.356250 0.123148 0.016667 0.038889
4 0.832812 0.165741 0.023958 0.042593
5 0.868750 0.152778 0.050000 0.079630
6 0.510938 0.674074 0.136458 0.340741
