0 0.097396 0.261111 0.184375 0.155556
0 0.326562 0.374074 0.107292 0.162963
0 0.454688 0.498148 0.134375 0.203704
0 0.452083 0.358333 0.120833 0.157407
0 0.584375 0.420370 0.097917 0.162963
0 0.422396 0.225000 0.117708 0.131481
0 0.635417 0.152778 0.077083 0.083333
0 0.582812 0.136111 0.098958 0.083333
0 0.955729 0.161111 0.088542 0.096296
2 0.317708 0.384259 0.031250 0.016667
2 0.444792 0.512037 0.031250 0.020370
2 0.587500 0.460185 0.033333 0.016667
3 0.886979 0.392593 0.040625 0.159259
3 0.923958 0.327778 0.029167 0.133333
4 0.481771 0.188889 0.048958 0.103704
