0 0.335938 0.786111 0.134375 0.312963
0 0.503125 0.794444 0.133333 0.270370
0 0.614062 0.549074 0.119792 0.168519
0 0.364063 0.323148 0.117708 0.098148
0 0.636458 0.223148 0.062500 0.072222
0 0.367188 0.148148 0.030208 0.044444
0 0.594271 0.197222 0.042708 0.057407
0 0.486979 0.178704 0.036458 0.053704
0 0.875000 0.169444 0.029167 0.042593
1 0.336458 0.849074 0.043750 0.020370
2 0.510938 0.820370 0.042708 0.018519
3 0.289062 0.632407 0.046875 0.187037
3 0.328125 0.530556 0.043750 0.150000
3 0.486979 0.564815 0.044792 0.159259
3 0.512500 0.494444 0.043750 0.137037
3 0.591146 0.644444 0.055208 0.192593
3 0.452604 0.310185 0.023958 0.090741
4 0.957812 0.312037 0.084375 0.098148
4 0.752604 0.646296 0.105208 0.229630
4 0.468229 0.205556 0.038542 0.059259
4 0.423958 0.166667 0.027083 0.048148
4 0.400521 0.150926 0.026042 0.050000
6 0.926042 0.154630 0.050000 0.109259
6 0.541667 0.214815 0.066667 0.096296
