0 0.320833 0.848148 0.133333 0.211111
0 0.442708 0.813889 0.131250 0.224074
0 0.513021 0.961111 0.157292 0.077778
0 0.673438 0.715741 0.113542 0.172222
0 0.385417 0.476852 0.093750 0.090741
0 0.397396 0.437963 0.117708 0.072222
0 0.570833 0.432407 0.116667 0.072222
0 0.636458 0.360185 0.066667 0.050000
0 0.476042 0.303704 0.033333 0.048148
0 0.523438 0.315741 0.034375 0.057407
0 0.458333 0.275926 0.029167 0.040741
0 0.474479 0.256481 0.019792 0.031481
0 0.498437 0.246296 0.019792 0.025926
0 0.959896 0.441667 0.080208 0.094444
2 0.307812 0.900926 0.036458 0.020370
2 0.432292 0.893519 0.039583 0.020370
2 0.757292 0.954630 0.014583 0.020370
3 0.259896 0.656481 0.042708 0.138889
3 0.368750 0.638889 0.060417 0.148148
3 0.832812 0.824074 0.032292 0.185185
3 0.466146 0.459259 0.065625 0.096296
3 0.544271 0.464815 0.061458 0.100000
3 0.609375 0.526852 0.058333 0.142593
3 0.719271 0.562037 0.042708 0.146296
3 0.765625 0.476852 0.058333 0.087037
3 0.684375 0.371296 0.033333 0.053704
3 0.539062 0.336111 0.021875 0.057407
4 0.217188 0.763889 0.094792 0.201852
4 0.579167 0.780556 0.079167 0.238889
4 0.662500 0.904630 0.118750 0.190741
6 0.167187 0.875000 0.144792 0.250000
6 0.746354 0.813889 0.138542 0.324074
4 0.296354 0.479630 0.094792 0.122222
