0 0.242188 0.792593 0.201042 0.277778
0 0.408854 0.855556 0.196875 0.288889
0 0.658333 0.816667 0.172917 0.296296
0 0.885938 0.909259 0.219792 0.181481
0 0.853125 0.717593 0.156250 0.220370
0 0.698438 0.627778 0.130208 0.218519
0 0.459375 0.650926 0.125000 0.179630
0 0.338021 0.603704 0.167708 0.218519
0 0.739583 0.278704 0.179167 0.124074
0 0.717187 0.192593 0.119792 0.074074
0 0.686979 0.076852 0.028125 0.053704
0 0.877083 0.259259 0.110417 0.096296
1 0.379688 0.938889 0.048958 0.022222
1 0.639583 0.873148 0.047917 0.027778
1 0.865104 0.782407 0.048958 0.024074
2 0.301563 0.628704 0.036458 0.020370
3 0.225521 0.889815 0.076042 0.220370
3 0.561979 0.683333 0.053125 0.229630
3 0.587500 0.587963 0.054167 0.194444
3 0.811979 0.504630 0.042708 0.187037
3 0.784896 0.452778 0.036458 0.153704
3 0.645312 0.232407 0.053125 0.090741
4 0.609375 0.064815 0.018750 0.044444
4 0.621875 0.059259 0.016667 0.048148
4 0.629167 0.051852 0.014583 0.044444
5 0.540104 0.139815 0.167708 0.105556
0 0.575000 0.198148 0.104167 0.066667
