0 0.107813 0.229630 0.132292 0.092593
0 0.029167 0.156481 0.050000 0.064815
0 0.103125 0.147222 0.043750 0.061111
0 0.135937 0.139815 0.038542 0.057407
0 0.551562 0.688889 0.138542 0.255556
0 0.456771 0.053704 0.015625 0.033333
0 0.633333 0.470370 0.106250 0.162963
0 0.743750 0.612037 0.129167 0.212963
0 0.509375 0.878704 0.160417 0.242593
0 0.794792 0.850926 0.204167 0.298148
2 0.211458 0.662037 0.012500 0.020370
2 0.376563 0.750000 0.013542 0.022222
2 0.517188 0.950926 0.059375 0.027778
2 0.552604 0.725926 0.040625 0.018519
2 0.627083 0.483333 0.033333 0.018519
2 0.751563 0.674074 0.019792 0.011111
2 0.820833 0.919444 0.056250 0.031481
3 0.225521 0.630556 0.053125 0.224074
3 0.573958 0.385185 0.058333 0.140741
3 0.802083 0.381481 0.035417 0.114815
4 0.970833 0.141667 0.035417 0.075926
4 0.055208 0.205556 0.075000 0.085185
4 0.340625 0.673148 0.110417 0.279630
