0 0.324479 0.856481 0.138542 0.216667
0 0.444271 0.813889 0.128125 0.216667
0 0.513021 0.962037 0.155208 0.075926
0 0.643229 0.665741 0.113542 0.161111
0 0.345833 0.464815 0.145833 0.085185
0 0.485938 0.443519 0.128125 0.087037
0 0.680208 0.458333 0.122917 0.087037
0 0.781771 0.372222 0.101042 0.081481
0 0.613021 0.358333 0.067708 0.061111
0 0.519271 0.320370 0.040625 0.051852
0 0.511458 0.274074 0.027083 0.040741
0 0.464062 0.271296 0.028125 0.042593
0 0.498437 0.225000 0.013542 0.027778
0 0.461979 0.202778 0.015625 0.024074
2 0.307292 0.899074 0.041667 0.024074
2 0.432292 0.896296 0.035417 0.022222
2 0.758854 0.954630 0.015625 0.020370
2 0.072917 0.946296 0.014583 0.018519
3 0.083854 0.893519 0.038542 0.212963
3 0.366146 0.636111 0.055208 0.150000
3 0.299479 0.485185 0.069792 0.096296
3 0.596354 0.528704 0.040625 0.112963
3 0.714583 0.608333 0.027083 0.120370
3 0.472396 0.324074 0.013542 0.037037
3 0.482292 0.300000 0.012500 0.040741
4 0.215625 0.752778 0.087500 0.187037
4 0.582812 0.727778 0.076042 0.211111
4 0.661979 0.906481 0.126042 0.187037
6 0.170833 0.876852 0.150000 0.246296
6 0.745313 0.820370 0.134375 0.311111
