0 0.318229 0.850926 0.136458 0.209259
0 0.445833 0.815741 0.125000 0.224074
0 0.510938 0.961111 0.159375 0.077778
0 0.654167 0.691667 0.110417 0.168519
0 0.246354 0.443519 0.098958 0.090741
0 0.508333 0.459259 0.145833 0.088889
0 0.648958 0.447222 0.131250 0.094444
0 0.698438 0.375926 0.076042 0.066667
0 0.538021 0.329630 0.044792 0.062963
0 0.513542 0.289815 0.027083 0.046296
0 0.463542 0.282407 0.029167 0.038889
0 0.497396 0.237037 0.015625 0.033333
2 0.309896 0.901852 0.040625 0.025926
2 0.433854 0.900926 0.040625 0.020370
2 0.757292 0.952778 0.018750 0.024074
3 0.079687 0.886111 0.036458 0.187037
3 0.263542 0.661111 0.052083 0.140741
3 0.368229 0.638889 0.051042 0.155556
3 0.449479 0.482407 0.067708 0.094444
3 0.490104 0.313889 0.017708 0.050000
3 0.514583 0.339815 0.016667 0.057407
4 0.216667 0.761111 0.095833 0.192593
4 0.580208 0.736111 0.083333 0.205556
4 0.662500 0.905556 0.116667 0.188889
6 0.172917 0.875000 0.145833 0.238889
6 0.744792 0.812963 0.137500 0.307407
