0 0.203646 0.709259 0.167708 0.229630
0 0.364063 0.534259 0.113542 0.150000
0 0.352604 0.729630 0.117708 0.314815
0 0.551562 0.509259 0.096875 0.111111
0 0.622396 0.668519 0.101042 0.225926
0 0.805729 0.894444 0.278125 0.211111
0 0.647917 0.490741 0.100000 0.151852
0 0.589063 0.321296 0.076042 0.098148
0 0.607812 0.205556 0.059375 0.059259
0 0.950521 0.277778 0.071875 0.070370
2 0.176042 0.741667 0.039583 0.016667
2 0.354167 0.784259 0.041667 0.016667
2 0.579688 0.809259 0.021875 0.037037
2 0.634896 0.695370 0.036458 0.016667
3 0.705729 0.605556 0.040625 0.196296
3 0.396354 0.178704 0.011458 0.061111
3 0.354167 0.161111 0.012500 0.048148
4 0.788542 0.683333 0.116667 0.214815
4 0.672917 0.337037 0.058333 0.107407
4 0.661979 0.266667 0.051042 0.074074
4 0.358333 0.130556 0.012500 0.035185
4 0.831250 0.164815 0.025000 0.044444
5 0.920312 0.219444 0.155208 0.127778
5 0.866146 0.148148 0.046875 0.062963
6 0.522917 0.750926 0.152083 0.390741
