0 0.335938 0.792593 0.126042 0.325926
0 0.499479 0.762963 0.134375 0.259259
0 0.609896 0.548148 0.107292 0.151852
0 0.501042 0.191667 0.050000 0.050000
0 0.367188 0.137037 0.023958 0.044444
0 0.572396 0.203704 0.048958 0.055556
0 0.878125 0.171296 0.031250 0.050000
1 0.334896 0.849074 0.042708 0.016667
3 0.332813 0.501852 0.038542 0.151852
3 0.394792 0.538889 0.052083 0.159259
3 0.459375 0.501852 0.041667 0.144444
3 0.507292 0.499074 0.043750 0.146296
3 0.698958 0.369444 0.062500 0.112963
4 0.152604 0.864815 0.132292 0.266667
4 0.487500 0.889815 0.125000 0.220370
4 0.754167 0.642593 0.100000 0.233333
4 0.392708 0.175926 0.027083 0.051852
4 0.846354 0.275926 0.061458 0.081481
6 0.928125 0.150926 0.047917 0.101852
6 0.453125 0.187963 0.052083 0.083333
