0 0.283333 0.495370 0.106250 0.153704
0 0.373437 0.526852 0.080208 0.198148
0 0.414583 0.454630 0.089583 0.142593
0 0.525000 0.840741 0.170833 0.288889
0 0.656250 0.679630 0.162500 0.240741
0 0.567708 0.508333 0.068750 0.168519
0 0.568750 0.375926 0.077083 0.100000
0 0.691667 0.375926 0.081250 0.107407
0 0.471354 0.245370 0.063542 0.079630
0 0.787500 0.272222 0.066667 0.092593
2 0.266146 0.505556 0.023958 0.011111
2 0.529167 0.612037 0.018750 0.016667
2 0.545833 0.903704 0.050000 0.029630
2 0.683333 0.715741 0.041667 0.024074
3 0.146875 0.719444 0.039583 0.231481
3 0.734375 0.600000 0.045833 0.177778
3 0.375000 0.150000 0.012500 0.037037
4 0.670833 0.495370 0.072917 0.131481
4 0.910937 0.264815 0.053125 0.081481
4 0.902604 0.232407 0.044792 0.064815
5 0.866667 0.148148 0.056250 0.074074
6 0.494792 0.567593 0.104167 0.290741
