0 0.339583 0.786111 0.129167 0.320370
0 0.499479 0.764815 0.128125 0.262963
0 0.613021 0.544444 0.115625 0.155556
0 0.522396 0.193519 0.051042 0.053704
0 0.595833 0.204630 0.058333 0.057407
0 0.365104 0.137963 0.030208 0.038889
0 0.441146 0.156481 0.026042 0.046296
0 0.877083 0.174074 0.031250 0.044444
1 0.334375 0.850000 0.043750 0.014815
3 0.112500 0.738889 0.056250 0.196296
3 0.332813 0.501852 0.036458 0.148148
3 0.376563 0.545370 0.051042 0.157407
3 0.458854 0.507407 0.036458 0.144444
3 0.506250 0.500926 0.045833 0.150000
3 0.619792 0.601852 0.052083 0.170370
3 0.614583 0.358333 0.058333 0.112963
4 0.488021 0.894444 0.128125 0.211111
4 0.136979 0.894444 0.128125 0.211111
4 0.752083 0.641667 0.106250 0.220370
4 0.406771 0.180556 0.028125 0.057407
4 0.905208 0.291667 0.068750 0.098148
6 0.927604 0.154630 0.046875 0.101852
6 0.468750 0.198148 0.052083 0.081481
