0 0.560417 0.423148 0.106250 0.153704
0 0.769271 0.548148 0.126042 0.211111
0 0.556250 0.896296 0.181250 0.207407
0 0.688542 0.211111 0.120833 0.077778
0 0.539062 0.214815 0.144792 0.092593
0 0.826562 0.191667 0.092708 0.079630
0 0.919271 0.220370 0.151042 0.103704
0 0.716146 0.043519 0.036458 0.038889
0 0.754687 0.049074 0.036458 0.035185
2 0.577083 0.436111 0.035417 0.016667
4 0.592708 0.069444 0.018750 0.050000
4 0.608333 0.063889 0.018750 0.046296
4 0.626563 0.057407 0.019792 0.044444
3 0.693229 0.462037 0.042708 0.161111
