0 0.322396 0.850000 0.142708 0.214815
0 0.442708 0.808333 0.137500 0.220370
0 0.511979 0.962037 0.165625 0.075926
0 0.634375 0.625000 0.097917 0.153704
0 0.438542 0.459259 0.131250 0.096296
0 0.478646 0.428704 0.092708 0.098148
0 0.508854 0.307407 0.042708 0.059259
0 0.490104 0.287037 0.030208 0.040741
0 0.459375 0.240741 0.018750 0.033333
0 0.504687 0.236111 0.019792 0.031481
2 0.070312 0.942593 0.015625 0.014815
2 0.307812 0.900000 0.036458 0.025926
2 0.432292 0.895370 0.037500 0.027778
2 0.645312 0.643519 0.026042 0.016667
2 0.755729 0.952778 0.011458 0.012963
3 0.080729 0.893519 0.040625 0.201852
3 0.371354 0.641667 0.055208 0.153704
3 0.260417 0.666667 0.047917 0.144444
3 0.610417 0.510185 0.054167 0.112963
3 0.442708 0.262037 0.008333 0.035185
3 0.468229 0.261111 0.015625 0.029630
4 0.215104 0.754630 0.101042 0.179630
4 0.580208 0.698148 0.077083 0.203704
4 0.663542 0.901852 0.118750 0.196296
4 0.332292 0.476852 0.089583 0.112963
5 0.730208 0.420370 0.206250 0.222222
6 0.169792 0.876852 0.150000 0.246296
6 0.745833 0.818519 0.145833 0.333333
