0 0.336979 0.785185 0.128125 0.303704
0 0.497917 0.767593 0.131250 0.268519
0 0.608854 0.548148 0.111458 0.155556
0 0.433333 0.164815 0.035417 0.044444
0 0.481771 0.176852 0.042708 0.046296
0 0.560937 0.199074 0.042708 0.057407
1 0.334375 0.847222 0.041667 0.020370
3 0.333854 0.504630 0.042708 0.127778
3 0.407292 0.500926 0.037500 0.150000
3 0.456250 0.494444 0.041667 0.148148
3 0.504687 0.498148 0.042708 0.148148
4 0.191667 0.725000 0.110417 0.268519
4 0.482812 0.879630 0.117708 0.240741
4 0.796875 0.869444 0.162500 0.261111
4 0.751563 0.635185 0.101042 0.211111
4 0.363021 0.162963 0.019792 0.044444
6 0.397917 0.165741 0.037500 0.072222
6 0.739062 0.242593 0.153125 0.151852
6 0.927083 0.149074 0.047917 0.101852
