0 0.582292 0.473148 0.102083 0.168519
0 0.763021 0.625000 0.144792 0.235185
0 0.628125 0.200926 0.079167 0.075926
0 0.683333 0.221296 0.127083 0.087037
0 0.766667 0.176852 0.118750 0.094444
0 0.853125 0.202778 0.085417 0.090741
0 0.940625 0.217593 0.108333 0.094444
0 0.715625 0.043519 0.025000 0.035185
0 0.747396 0.047222 0.048958 0.046296
2 0.584896 0.492593 0.036458 0.018519
3 0.690625 0.498148 0.037500 0.174074
4 0.593229 0.069444 0.023958 0.050000
4 0.605729 0.065741 0.023958 0.050000
4 0.620313 0.060185 0.021875 0.042593
