0 0.244792 0.796296 0.206250 0.288889
0 0.412500 0.853704 0.200000 0.292593
0 0.657813 0.809259 0.176042 0.288889
0 0.883854 0.912037 0.213542 0.175926
0 0.855208 0.715741 0.164583 0.224074
0 0.700521 0.629630 0.128125 0.222222
0 0.458854 0.652778 0.121875 0.194444
0 0.339062 0.601852 0.169792 0.222222
0 0.703125 0.273148 0.168750 0.127778
0 0.435417 0.274074 0.120833 0.077778
0 0.717187 0.149074 0.065625 0.064815
0 0.693750 0.040741 0.020833 0.037037
1 0.383854 0.932407 0.046875 0.020370
1 0.642188 0.874074 0.046875 0.025926
1 0.865104 0.778704 0.046875 0.020370
2 0.303125 0.629630 0.033333 0.014815
3 0.226042 0.890741 0.081250 0.218519
3 0.557813 0.576852 0.053125 0.194444
3 0.625521 0.524074 0.063542 0.196296
3 0.792708 0.454630 0.050000 0.150000
3 0.809375 0.502778 0.052083 0.183333
3 0.688542 0.177778 0.041667 0.070370
3 0.592708 0.241667 0.052083 0.083333
4 0.609896 0.063889 0.021875 0.050000
4 0.623437 0.059259 0.015625 0.048148
4 0.630729 0.053704 0.013542 0.044444
5 0.539583 0.160185 0.175000 0.138889
