0 0.123438 0.871296 0.228125 0.257407
0 0.331771 0.653704 0.132292 0.207407
0 0.346875 0.848148 0.152083 0.303704
0 0.593229 0.603704 0.144792 0.159259
0 0.650521 0.739815 0.151042 0.246296
0 0.670833 0.549074 0.120833 0.179630
0 0.485417 0.371296 0.083333 0.109259
0 0.641667 0.276852 0.075000 0.083333
0 0.767188 0.330556 0.067708 0.101852
1 0.078646 0.946296 0.048958 0.022222
2 0.345833 0.979630 0.045833 0.022222
2 0.674479 0.762037 0.040625 0.020370
3 0.749479 0.662037 0.053125 0.227778
3 0.408333 0.202778 0.016667 0.061111
3 0.623958 0.301852 0.033333 0.070370
4 0.847396 0.785185 0.134375 0.292593
4 0.545312 0.413889 0.065625 0.146296
4 0.545312 0.298148 0.055208 0.088889
4 0.363542 0.141667 0.016667 0.042593
4 0.907292 0.162963 0.027083 0.048148
5 0.869792 0.151852 0.056250 0.059259
5 0.799479 0.242593 0.173958 0.170370
6 0.566146 0.843519 0.190625 0.312963
