0 0.550000 0.684259 0.141667 0.253704
0 0.511458 0.876852 0.162500 0.246296
0 0.635417 0.471296 0.108333 0.172222
0 0.744271 0.607407 0.130208 0.211111
0 0.795312 0.851852 0.215625 0.296296
0 0.051042 0.196296 0.054167 0.085185
0 0.031771 0.157407 0.055208 0.077778
0 0.103125 0.150926 0.054167 0.064815
0 0.134896 0.136111 0.040625 0.061111
2 0.142708 0.749074 0.014583 0.016667
2 0.213021 0.664815 0.017708 0.014815
2 0.374479 0.750926 0.017708 0.016667
2 0.553646 0.728704 0.040625 0.020370
2 0.519271 0.957407 0.057292 0.029630
2 0.630729 0.487037 0.034375 0.014815
2 0.760417 0.679630 0.043750 0.022222
2 0.818229 0.912963 0.055208 0.029630
3 0.223958 0.631481 0.060417 0.222222
3 0.802604 0.384259 0.036458 0.112963
4 0.110417 0.687963 0.112500 0.275926
4 0.341146 0.679630 0.109375 0.277778
4 0.556250 0.212037 0.068750 0.094444
