0 0.317708 0.852778 0.131250 0.209259
0 0.444271 0.815741 0.132292 0.227778
0 0.516146 0.961111 0.159375 0.077778
0 0.653125 0.681481 0.100000 0.166667
0 0.470313 0.455556 0.142708 0.085185
0 0.608854 0.440741 0.130208 0.077778
0 0.671354 0.367593 0.076042 0.057407
0 0.779687 0.451852 0.101042 0.114815
0 0.464583 0.279630 0.031250 0.040741
0 0.531771 0.325926 0.046875 0.055556
0 0.510938 0.287037 0.023958 0.044444
0 0.498437 0.232407 0.015625 0.024074
0 0.464062 0.252778 0.026042 0.038889
2 0.307812 0.900000 0.036458 0.022222
2 0.432292 0.900000 0.037500 0.014815
2 0.758333 0.953704 0.016667 0.022222
3 0.084896 0.884259 0.038542 0.172222
3 0.264583 0.664815 0.052083 0.137037
3 0.367188 0.637037 0.048958 0.151852
3 0.412500 0.481481 0.068750 0.100000
3 0.607292 0.524074 0.043750 0.133333
3 0.714583 0.594444 0.029167 0.125926
3 0.501042 0.343519 0.020833 0.050000
3 0.486458 0.306481 0.016667 0.046296
4 0.214583 0.753704 0.091667 0.181481
4 0.579688 0.736111 0.071875 0.216667
4 0.664062 0.904630 0.123958 0.190741
6 0.171354 0.873148 0.144792 0.253704
6 0.747917 0.819444 0.139583 0.320370
