0 0.350000 0.349074 0.129167 0.153704
0 0.445833 0.487037 0.122917 0.181481
0 0.475521 0.344444 0.126042 0.140741
0 0.588542 0.425926 0.097917 0.170370
0 0.484375 0.699074 0.158333 0.257407
0 0.392708 0.091667 0.102083 0.064815
0 0.886979 0.130556 0.128125 0.087037
2 0.325521 0.357407 0.032292 0.018519
2 0.447917 0.511111 0.033333 0.022222
2 0.585938 0.459259 0.032292 0.018519
2 0.472917 0.720370 0.029167 0.014815
3 0.867708 0.334259 0.027083 0.157407
3 0.926562 0.317593 0.034375 0.138889
4 0.200521 0.254630 0.117708 0.135185
