0 0.240625 0.791667 0.204167 0.279630
0 0.406771 0.858333 0.205208 0.283333
0 0.658854 0.813889 0.173958 0.290741
0 0.883854 0.910185 0.213542 0.179630
0 0.854688 0.713889 0.159375 0.220370
0 0.698438 0.635185 0.130208 0.225926
0 0.457292 0.669444 0.125000 0.224074
0 0.337500 0.601852 0.164583 0.214815
0 0.792708 0.276852 0.183333 0.127778
0 0.941146 0.252778 0.117708 0.098148
0 0.708854 0.195370 0.123958 0.079630
0 0.689063 0.084259 0.030208 0.053704
1 0.378125 0.945370 0.047917 0.024074
1 0.641146 0.874074 0.048958 0.022222
2 0.864583 0.782407 0.047917 0.024074
2 0.303646 0.630556 0.034375 0.024074
3 0.227604 0.889815 0.080208 0.220370
3 0.559896 0.690741 0.051042 0.225926
3 0.586458 0.593519 0.050000 0.198148
3 0.810937 0.506481 0.048958 0.187037
3 0.784896 0.456481 0.036458 0.153704
3 0.647396 0.239815 0.046875 0.087037
4 0.609896 0.063889 0.021875 0.050000
4 0.620833 0.057407 0.016667 0.044444
4 0.629687 0.054630 0.011458 0.046296
5 0.542188 0.137037 0.169792 0.100000
