0 0.352083 0.354630 0.122917 0.164815
0 0.480729 0.344444 0.123958 0.151852
0 0.449479 0.488889 0.128125 0.174074
0 0.485417 0.678704 0.156250 0.250000
0 0.583333 0.426852 0.089583 0.168519
0 0.423958 0.096296 0.091667 0.062963
0 0.869792 0.163889 0.108333 0.094444
0 0.927604 0.132407 0.134375 0.087037
2 0.325521 0.356481 0.028125 0.020370
2 0.448437 0.512037 0.028125 0.020370
2 0.479167 0.704630 0.050000 0.027778
3 0.862500 0.325000 0.027083 0.150000
3 0.925000 0.330556 0.035417 0.150000
4 0.160938 0.261111 0.119792 0.144444
