0 0.319271 0.848148 0.136458 0.214815
0 0.443750 0.812963 0.131250 0.218519
0 0.513021 0.958333 0.163542 0.083333
0 0.635938 0.631481 0.101042 0.159259
0 0.481771 0.456481 0.121875 0.094444
0 0.532292 0.425926 0.085417 0.096296
0 0.510938 0.309259 0.038542 0.062963
0 0.498437 0.263889 0.028125 0.038889
0 0.461458 0.241667 0.020833 0.038889
0 0.504687 0.234259 0.013542 0.027778
2 0.072396 0.941667 0.015625 0.020370
2 0.306771 0.900000 0.038542 0.022222
2 0.431771 0.899074 0.038542 0.024074
2 0.644792 0.643519 0.031250 0.012963
2 0.756771 0.952778 0.017708 0.020370
3 0.077083 0.895370 0.041667 0.198148
3 0.261458 0.654630 0.047917 0.150000
3 0.369792 0.637037 0.054167 0.159259
3 0.611979 0.510185 0.046875 0.109259
3 0.440104 0.262963 0.009375 0.040741
3 0.469271 0.262963 0.009375 0.033333
4 0.217708 0.753704 0.102083 0.181481
4 0.580729 0.700926 0.082292 0.220370
4 0.661458 0.904630 0.129167 0.190741
4 0.235417 0.463889 0.072917 0.094444
4 0.366146 0.476852 0.092708 0.105556
5 0.747396 0.421296 0.169792 0.216667
6 0.172917 0.870370 0.145833 0.240741
6 0.743229 0.821296 0.144792 0.327778
