0 0.285938 0.725000 0.138542 0.264815
0 0.654167 0.878704 0.193750 0.242593
0 0.644792 0.675000 0.141667 0.194444
0 0.826562 0.834259 0.153125 0.264815
0 0.166146 0.181481 0.073958 0.062963
0 0.340625 0.170370 0.062500 0.055556
0 0.328125 0.141667 0.035417 0.038889
0 0.422396 0.206481 0.055208 0.068519
0 0.494271 0.185185 0.036458 0.037037
0 0.511458 0.164815 0.031250 0.040741
0 0.494792 0.139815 0.022917 0.035185
0 0.539583 0.151852 0.033333 0.048148
1 0.683333 0.959259 0.050000 0.025926
1 0.655208 0.731481 0.039583 0.018519
2 0.465104 0.887963 0.019792 0.031481
2 0.279687 0.750000 0.038542 0.022222
2 0.156771 0.742593 0.019792 0.018519
2 0.128125 0.990741 0.027083 0.018519
4 0.464062 0.195370 0.026042 0.057407
4 0.519271 0.220370 0.046875 0.070370
3 0.126042 0.892593 0.083333 0.214815
3 0.166146 0.705556 0.051042 0.225926
3 0.262500 0.587037 0.081250 0.170370
3 0.552604 0.683333 0.038542 0.196296
3 0.731771 0.637037 0.055208 0.181481
3 0.244792 0.182407 0.031250 0.053704
3 0.485417 0.208333 0.018750 0.053704
3 0.391667 0.166667 0.018750 0.048148
6 0.466146 0.748148 0.140625 0.377778
6 0.625521 0.233333 0.082292 0.107407
