0 0.241667 0.790741 0.204167 0.274074
0 0.410938 0.852778 0.201042 0.294444
0 0.657292 0.813889 0.175000 0.294444
0 0.883854 0.912037 0.221875 0.175926
0 0.852604 0.718519 0.157292 0.225926
0 0.697917 0.628704 0.127083 0.220370
0 0.338542 0.601852 0.168750 0.218519
0 0.459375 0.647222 0.125000 0.175926
0 0.703646 0.266667 0.165625 0.122222
0 0.718229 0.148148 0.071875 0.066667
0 0.692708 0.040741 0.031250 0.040741
1 0.383854 0.934259 0.046875 0.024074
1 0.641146 0.875000 0.048958 0.024074
1 0.864062 0.780556 0.046875 0.024074
2 0.301563 0.629630 0.036458 0.022222
3 0.225000 0.887963 0.087500 0.224074
3 0.559896 0.575926 0.053125 0.192593
3 0.628646 0.521296 0.061458 0.179630
3 0.810417 0.503704 0.052083 0.181481
3 0.788021 0.453704 0.038542 0.159259
3 0.595313 0.243519 0.057292 0.087037
3 0.687500 0.178704 0.043750 0.075926
4 0.610938 0.065741 0.021875 0.050000
4 0.619792 0.057407 0.018750 0.044444
4 0.631771 0.056481 0.011458 0.042593
5 0.543229 0.153704 0.173958 0.140741
