0 0.581250 0.464815 0.106250 0.159259
0 0.763021 0.614815 0.138542 0.244444
0 0.657813 0.200926 0.098958 0.075926
0 0.711458 0.218519 0.125000 0.092593
0 0.790625 0.175926 0.122917 0.085185
0 0.884375 0.200000 0.093750 0.081481
0 0.528646 0.212037 0.105208 0.064815
0 0.717187 0.041667 0.032292 0.042593
0 0.740625 0.048148 0.041667 0.044444
2 0.584375 0.480556 0.037500 0.020370
3 0.689063 0.488889 0.036458 0.166667
4 0.592187 0.065741 0.021875 0.046296
4 0.607812 0.063889 0.017708 0.046296
4 0.621354 0.058333 0.017708 0.046296
