0 0.335417 0.784259 0.125000 0.309259
0 0.500000 0.804630 0.139583 0.279630
0 0.612500 0.549074 0.116667 0.161111
0 0.461458 0.327778 0.110417 0.088889
0 0.470313 0.202778 0.036458 0.046296
0 0.369271 0.151852 0.032292 0.048148
0 0.623958 0.205556 0.050000 0.059259
0 0.684375 0.236111 0.070833 0.068519
0 0.878646 0.176852 0.032292 0.050000
1 0.334375 0.848148 0.041667 0.018519
1 0.514583 0.837963 0.043750 0.016667
3 0.262500 0.670370 0.052083 0.203704
3 0.314063 0.543519 0.046875 0.146296
3 0.499479 0.584259 0.044792 0.150000
3 0.607812 0.671296 0.061458 0.198148
3 0.505729 0.495370 0.042708 0.138889
4 0.756771 0.651852 0.103125 0.240741
4 0.489063 0.202778 0.036458 0.061111
4 0.443229 0.173148 0.026042 0.053704
4 0.403125 0.150000 0.022917 0.044444
4 0.847917 0.174074 0.031250 0.044444
4 0.044792 0.312037 0.085417 0.164815
4 0.567187 0.220370 0.065625 0.088889
4 0.927604 0.151852 0.048958 0.100000
