0 0.321354 0.853704 0.134375 0.214815
0 0.444271 0.814815 0.134375 0.218519
0 0.509375 0.957407 0.164583 0.085185
0 0.315625 0.461111 0.110417 0.092593
0 0.332292 0.421296 0.095833 0.083333
0 0.634896 0.629630 0.101042 0.148148
0 0.503646 0.293519 0.028125 0.057407
0 0.486458 0.276852 0.025000 0.042593
0 0.505208 0.229630 0.018750 0.033333
0 0.459896 0.235185 0.021875 0.040741
2 0.071354 0.943519 0.017708 0.016667
2 0.307812 0.899074 0.036458 0.024074
2 0.432292 0.896296 0.039583 0.018519
2 0.644792 0.644444 0.029167 0.014815
2 0.756250 0.954630 0.016667 0.016667
3 0.077083 0.894444 0.039583 0.211111
3 0.369792 0.637963 0.060417 0.146296
3 0.261458 0.662037 0.050000 0.150000
3 0.607292 0.506481 0.050000 0.098148
3 0.444271 0.257407 0.011458 0.040741
3 0.469271 0.254630 0.009375 0.031481
4 0.214583 0.760185 0.093750 0.194444
4 0.578646 0.692593 0.080208 0.203704
4 0.659375 0.905556 0.129167 0.188889
4 0.232813 0.485185 0.069792 0.111111
5 0.672917 0.421296 0.289583 0.224074
6 0.170833 0.873148 0.150000 0.253704
6 0.740625 0.821296 0.150000 0.327778
