0 0.285938 0.719444 0.140625 0.246296
0 0.652083 0.880556 0.189583 0.238889
0 0.828646 0.837037 0.157292 0.277778
0 0.646354 0.679630 0.142708 0.203704
0 0.281250 0.323148 0.154167 0.116667
0 0.168229 0.182407 0.076042 0.061111
0 0.482292 0.220370 0.070833 0.066667
0 0.598958 0.226852 0.083333 0.061111
0 0.361979 0.173148 0.057292 0.053704
0 0.328646 0.150926 0.034375 0.053704
1 0.683333 0.957407 0.047917 0.022222
2 0.656250 0.732407 0.039583 0.020370
2 0.464062 0.889815 0.021875 0.027778
2 0.281771 0.750926 0.042708 0.020370
3 0.168750 0.602778 0.062500 0.190741
3 0.551042 0.686111 0.031250 0.201852
3 0.734896 0.644444 0.059375 0.196296
3 0.579167 0.441667 0.033333 0.131481
3 0.550000 0.223148 0.027083 0.061111
3 0.651563 0.238889 0.036458 0.059259
4 0.469792 0.167593 0.022917 0.053704
6 0.434375 0.184259 0.041667 0.090741
6 0.467708 0.750000 0.143750 0.377778
