0 0.450521 0.492593 0.121875 0.218519
0 0.335938 0.366667 0.115625 0.155556
0 0.294792 0.247222 0.189583 0.124074
0 0.463542 0.357407 0.135417 0.162963
0 0.583854 0.416667 0.094792 0.159259
0 0.635938 0.137037 0.073958 0.070370
0 0.425521 0.115741 0.123958 0.090741
0 0.505208 0.096296 0.095833 0.070370
0 0.949479 0.175000 0.101042 0.105556
2 0.319792 0.372222 0.031250 0.018519
2 0.446875 0.512037 0.035417 0.020370
2 0.589063 0.461111 0.028125 0.014815
3 0.880208 0.380556 0.037500 0.153704
4 0.434896 0.225000 0.071875 0.135185
