0 0.550000 0.689815 0.141667 0.257407
0 0.510938 0.885185 0.169792 0.229630
0 0.250000 0.235185 0.122917 0.092593
0 0.053125 0.196296 0.052083 0.077778
0 0.029167 0.154630 0.052083 0.061111
0 0.131771 0.139815 0.038542 0.053704
0 0.103646 0.149074 0.044792 0.053704
0 0.634896 0.472222 0.107292 0.159259
0 0.743229 0.609259 0.128125 0.214815
0 0.796875 0.850926 0.212500 0.298148
2 0.377083 0.750926 0.016667 0.027778
2 0.199479 0.689815 0.015625 0.016667
2 0.553646 0.729630 0.036458 0.014815
2 0.520312 0.975926 0.059375 0.025926
2 0.630729 0.483333 0.036458 0.022222
2 0.759896 0.676852 0.034375 0.020370
2 0.819271 0.917593 0.053125 0.031481
3 0.213021 0.650926 0.048958 0.220370
3 0.446354 0.434259 0.048958 0.153704
3 0.767188 0.347222 0.040625 0.142593
3 0.802604 0.379630 0.032292 0.118519
4 0.164062 0.215741 0.076042 0.087037
4 0.342187 0.679630 0.103125 0.277778
