0 0.282292 0.718519 0.133333 0.248148
0 0.654167 0.878704 0.197917 0.242593
0 0.827604 0.836111 0.159375 0.268519
0 0.645312 0.675926 0.142708 0.200000
0 0.415104 0.338889 0.178125 0.103704
0 0.167708 0.181481 0.075000 0.059259
0 0.307292 0.171296 0.062500 0.057407
0 0.585938 0.244444 0.088542 0.066667
0 0.583333 0.213889 0.077083 0.050000
0 0.330208 0.150000 0.035417 0.055556
0 0.401042 0.190741 0.031250 0.051852
0 0.397396 0.169444 0.042708 0.042593
0 0.529167 0.154630 0.027083 0.035185
0 0.532813 0.205556 0.023958 0.055556
0 0.501042 0.140741 0.029167 0.033333
1 0.682292 0.959259 0.050000 0.022222
2 0.465625 0.887963 0.020833 0.027778
2 0.279687 0.750926 0.040625 0.020370
2 0.654687 0.731481 0.038542 0.018519
2 0.110417 0.745370 0.018750 0.012963
3 0.120313 0.701852 0.065625 0.222222
3 0.309896 0.580556 0.090625 0.138889
3 0.498437 0.500000 0.059375 0.140741
3 0.551042 0.685185 0.035417 0.207407
3 0.731771 0.630556 0.053125 0.175926
3 0.427083 0.157407 0.010417 0.040741
3 0.464583 0.168519 0.014583 0.048148
3 0.968229 0.919444 0.063542 0.150000
4 0.447917 0.168519 0.025000 0.033333
4 0.445833 0.200000 0.033333 0.059259
6 0.497396 0.203704 0.051042 0.096296
6 0.466146 0.748148 0.142708 0.374074
