0 0.551562 0.694444 0.142708 0.266667
0 0.512500 0.887963 0.166667 0.224074
0 0.797396 0.851852 0.211458 0.296296
0 0.743750 0.612037 0.131250 0.220370
0 0.637500 0.468519 0.106250 0.162963
0 0.035937 0.207407 0.069792 0.092593
0 0.287500 0.232407 0.120833 0.094444
0 0.100000 0.149074 0.045833 0.061111
0 0.453646 0.058333 0.017708 0.035185
2 0.195312 0.701852 0.015625 0.014815
2 0.376042 0.750000 0.014583 0.014815
2 0.554688 0.730556 0.040625 0.027778
2 0.518750 0.985185 0.054167 0.029630
2 0.820833 0.919444 0.054167 0.024074
2 0.758333 0.677778 0.039583 0.018519
2 0.627604 0.486111 0.032292 0.016667
3 0.209375 0.667593 0.054167 0.231481
3 0.416667 0.449074 0.047917 0.164815
3 0.754167 0.353704 0.054167 0.140741
3 0.804167 0.379630 0.039583 0.118519
4 0.342187 0.677778 0.105208 0.274074
4 0.191146 0.218519 0.069792 0.096296
