0 0.331250 0.793519 0.120833 0.320370
0 0.499479 0.768519 0.128125 0.266667
0 0.614583 0.550926 0.125000 0.164815
0 0.437500 0.170370 0.031250 0.048148
0 0.492708 0.182407 0.043750 0.038889
0 0.878125 0.173148 0.031250 0.053704
1 0.334896 0.848148 0.040625 0.018519
3 0.335938 0.507407 0.044792 0.137037
3 0.409896 0.505556 0.040625 0.155556
3 0.454688 0.495370 0.038542 0.150000
3 0.504167 0.497222 0.041667 0.142593
4 0.756771 0.635185 0.103125 0.225926
4 0.189062 0.734259 0.109375 0.264815
4 0.482812 0.877778 0.117708 0.244444
4 0.822917 0.887963 0.168750 0.224074
4 0.365104 0.160185 0.019792 0.050000
6 0.925521 0.144444 0.046875 0.100000
6 0.767188 0.250926 0.167708 0.153704
