0 0.335938 0.786111 0.123958 0.309259
0 0.502083 0.796296 0.135417 0.281481
0 0.611458 0.550000 0.120833 0.159259
0 0.411979 0.325000 0.113542 0.105556
0 0.366667 0.150000 0.027083 0.051852
0 0.655729 0.226852 0.065625 0.064815
0 0.606771 0.199074 0.036458 0.053704
0 0.876563 0.170370 0.028125 0.048148
1 0.333333 0.848148 0.041667 0.022222
2 0.510417 0.827778 0.041667 0.022222
3 0.276042 0.652778 0.054167 0.194444
3 0.325521 0.537963 0.044792 0.161111
3 0.495312 0.574074 0.048958 0.166667
3 0.593750 0.656481 0.050000 0.187037
4 0.750521 0.647222 0.103125 0.238889
4 0.495312 0.967593 0.140625 0.064815
4 0.400521 0.151852 0.019792 0.040741
4 0.479167 0.202778 0.037500 0.061111
4 0.432292 0.169444 0.027083 0.042593
4 0.978646 0.319444 0.042708 0.101852
6 0.553646 0.218519 0.067708 0.092593
6 0.928646 0.149074 0.044792 0.094444
