0 0.583854 0.484259 0.105208 0.164815
0 0.765625 0.654630 0.145833 0.257407
0 0.632292 0.219444 0.112500 0.079630
0 0.718229 0.180556 0.117708 0.079630
0 0.801042 0.198148 0.079167 0.074074
0 0.913542 0.225926 0.164583 0.100000
0 0.889583 0.151852 0.104167 0.070370
0 0.719271 0.044444 0.034375 0.040741
0 0.749479 0.044444 0.036458 0.037037
2 0.583854 0.500926 0.028125 0.016667
4 0.686458 0.512963 0.041667 0.174074
4 0.594792 0.066667 0.020833 0.051852
4 0.607812 0.066667 0.017708 0.044444
4 0.620313 0.055556 0.015625 0.037037
