0 0.335417 0.786111 0.122917 0.312963
0 0.502083 0.784259 0.135417 0.261111
0 0.615104 0.549074 0.121875 0.168519
0 0.311458 0.324074 0.118750 0.100000
0 0.616146 0.219444 0.065625 0.057407
0 0.477604 0.173148 0.040625 0.042593
0 0.367708 0.148148 0.031250 0.048148
0 0.875521 0.170370 0.030208 0.048148
1 0.333854 0.848148 0.044792 0.018519
2 0.510938 0.814815 0.040625 0.018519
3 0.582812 0.636111 0.044792 0.179630
3 0.331250 0.522222 0.037500 0.140741
3 0.476562 0.555556 0.044792 0.162963
3 0.508854 0.492593 0.040625 0.133333
3 0.466146 0.313889 0.028125 0.090741
4 0.498958 0.943519 0.129167 0.112963
4 0.752083 0.641667 0.102083 0.227778
4 0.459375 0.200000 0.035417 0.059259
4 0.417708 0.166667 0.025000 0.048148
4 0.395833 0.149074 0.014583 0.042593
4 0.916667 0.307407 0.077083 0.096296
6 0.927083 0.149074 0.045833 0.101852
6 0.527083 0.212037 0.062500 0.101852
