0 0.387500 0.785185 0.143750 0.262963
0 0.177604 0.232407 0.090625 0.087037
1 0.391146 0.844444 0.042708 0.018519
2 0.213021 0.661111 0.015625 0.018519
3 0.139063 0.324074 0.044792 0.122222
3 0.171875 0.367593 0.027083 0.116667
3 0.452604 0.334259 0.063542 0.101852
3 0.587500 0.244444 0.035417 0.074074
3 0.565104 0.201852 0.028125 0.055556
3 0.533854 0.204630 0.021875 0.061111
3 0.487500 0.162963 0.010417 0.048148
4 0.185938 0.601852 0.092708 0.237037
4 0.470313 0.170370 0.021875 0.059259
5 0.235937 0.130556 0.167708 0.112963
