0 0.358854 0.342593 0.132292 0.166667
0 0.480729 0.342593 0.109375 0.174074
0 0.452604 0.486111 0.123958 0.187037
0 0.488542 0.658333 0.143750 0.257407
0 0.582812 0.417593 0.094792 0.168519
0 0.433333 0.137037 0.118750 0.088889
0 0.493750 0.099074 0.095833 0.072222
0 0.941146 0.169444 0.111458 0.094444
2 0.328646 0.353704 0.026042 0.022222
2 0.445833 0.514815 0.037500 0.014815
2 0.483854 0.675926 0.048958 0.025926
3 0.868750 0.331481 0.035417 0.148148
3 0.928646 0.314815 0.034375 0.148148
4 0.078125 0.258333 0.118750 0.146296
