0 0.106250 0.896296 0.210417 0.207407
0 0.321875 0.695370 0.137500 0.216667
0 0.344792 0.875926 0.156250 0.248148
0 0.606771 0.615741 0.146875 0.150000
0 0.658854 0.768519 0.157292 0.266667
0 0.671875 0.553704 0.118750 0.181481
0 0.452083 0.392593 0.087500 0.129630
0 0.603646 0.287963 0.069792 0.075926
0 0.702604 0.354630 0.073958 0.105556
2 0.309896 0.725000 0.032292 0.020370
2 0.688542 0.796296 0.041667 0.018519
3 0.754167 0.677778 0.050000 0.225926
3 0.952083 0.892593 0.095833 0.200000
3 0.572396 0.317593 0.028125 0.079630
3 0.410938 0.210185 0.015625 0.068519
3 0.367708 0.183333 0.016667 0.055556
4 0.519792 0.446296 0.066667 0.151852
4 0.851562 0.796296 0.142708 0.292593
4 0.504167 0.312037 0.054167 0.105556
4 0.367708 0.143519 0.018750 0.035185
4 0.902083 0.166667 0.020833 0.048148
5 0.756250 0.241667 0.175000 0.153704
5 0.866146 0.150926 0.048958 0.087037
6 0.592708 0.881481 0.227083 0.237037
