0 0.552604 0.686111 0.144792 0.250000
0 0.511458 0.878704 0.162500 0.242593
0 0.798958 0.853704 0.210417 0.292593
0 0.741667 0.609259 0.127083 0.214815
0 0.637500 0.470370 0.104167 0.166667
0 0.048438 0.200000 0.055208 0.081481
0 0.034896 0.162963 0.061458 0.077778
2 0.140104 0.773148 0.019792 0.020370
2 0.213542 0.664815 0.020833 0.022222
2 0.376563 0.750926 0.015625 0.020370
2 0.517708 0.964815 0.056250 0.029630
2 0.552083 0.731481 0.039583 0.018519
2 0.626563 0.485185 0.032292 0.025926
2 0.759375 0.676852 0.037500 0.024074
2 0.818750 0.918519 0.050000 0.029630
3 0.224479 0.631481 0.048958 0.218519
3 0.803646 0.379630 0.042708 0.122222
4 0.105729 0.708333 0.115625 0.287037
4 0.341667 0.672222 0.110417 0.266667
4 0.700521 0.198148 0.059375 0.092593
