0 0.338021 0.790741 0.128125 0.322222
0 0.496354 0.766667 0.123958 0.266667
0 0.610938 0.548148 0.109375 0.151852
0 0.445833 0.170370 0.033333 0.051852
0 0.498437 0.186111 0.044792 0.050000
0 0.583333 0.199074 0.047917 0.057407
1 0.334375 0.847222 0.039583 0.016667
3 0.336458 0.502778 0.037500 0.138889
3 0.408333 0.507407 0.043750 0.159259
3 0.455208 0.494444 0.039583 0.148148
3 0.506250 0.500926 0.043750 0.157407
4 0.177083 0.745370 0.106250 0.272222
4 0.482292 0.879630 0.120833 0.240741
4 0.755729 0.641667 0.098958 0.231481
4 0.853646 0.905556 0.180208 0.188889
4 0.367188 0.164815 0.019792 0.044444
4 0.928125 0.273148 0.077083 0.072222
6 0.927604 0.149074 0.051042 0.105556
6 0.407813 0.167593 0.042708 0.079630
6 0.795833 0.255556 0.179167 0.148148
