0 0.285417 0.718519 0.137500 0.244444
0 0.653125 0.878704 0.193750 0.242593
0 0.828125 0.827778 0.154167 0.259259
0 0.645833 0.671296 0.141667 0.190741
0 0.167187 0.184259 0.076042 0.061111
0 0.186979 0.167593 0.065625 0.061111
0 0.329167 0.147222 0.035417 0.046296
0 0.350000 0.171296 0.054167 0.057407
0 0.416667 0.202778 0.047917 0.072222
0 0.676562 0.235185 0.036458 0.044444
0 0.510938 0.164815 0.026042 0.044444
0 0.466667 0.148148 0.029167 0.037037
1 0.682292 0.960185 0.054167 0.027778
2 0.280208 0.750000 0.039583 0.018519
2 0.464583 0.889815 0.022917 0.027778
2 0.655729 0.731481 0.040625 0.014815
2 0.121354 0.950000 0.019792 0.022222
2 0.160938 0.723148 0.015625 0.020370
3 0.119271 0.875000 0.080208 0.250000
3 0.172917 0.684259 0.052083 0.209259
3 0.293750 0.550926 0.081250 0.109259
3 0.555729 0.687963 0.034375 0.201852
3 0.731771 0.631481 0.055208 0.162963
3 0.228646 0.179630 0.030208 0.055556
3 0.476042 0.205556 0.016667 0.066667
4 0.458333 0.191667 0.029167 0.061111
4 0.504687 0.216667 0.046875 0.070370
6 0.605729 0.227778 0.086458 0.092593
6 0.467708 0.752778 0.137500 0.383333
