0 0.336458 0.788889 0.127083 0.307407
0 0.504167 0.810185 0.139583 0.290741
0 0.609896 0.548148 0.113542 0.155556
0 0.506771 0.325000 0.119792 0.105556
0 0.644271 0.206481 0.051042 0.053704
0 0.490625 0.202778 0.052083 0.046296
0 0.370833 0.156481 0.029167 0.050000
2 0.513542 0.845370 0.041667 0.020370
2 0.333854 0.850000 0.042708 0.014815
3 0.248958 0.687963 0.064583 0.201852
3 0.507812 0.497222 0.040625 0.131481
3 0.514583 0.592593 0.054167 0.144444
3 0.616146 0.684259 0.059375 0.194444
4 0.757812 0.652778 0.107292 0.235185
4 0.405208 0.153704 0.027083 0.059259
6 0.579688 0.225000 0.078125 0.098148
6 0.091667 0.316667 0.181250 0.162963
6 0.926562 0.149074 0.048958 0.098148
