0 0.513542 0.866667 0.145833 0.266667
0 0.614062 0.551852 0.117708 0.162963
0 0.388021 0.169444 0.038542 0.053704
0 0.914583 0.275926 0.091667 0.074074
1 0.335417 0.847222 0.041667 0.024074
1 0.526563 0.934259 0.042708 0.024074
3 0.501042 0.500926 0.039583 0.150000
3 0.207292 0.857407 0.060417 0.262963
3 0.232292 0.626852 0.043750 0.183333
3 0.727604 0.835185 0.071875 0.244444
3 0.235937 0.326852 0.059375 0.094444
3 0.578646 0.716667 0.057292 0.203704
4 0.778125 0.688889 0.110417 0.259259
4 0.425521 0.160185 0.023958 0.053704
6 0.503125 0.338889 0.177083 0.159259
6 0.930208 0.146296 0.054167 0.096296
6 0.704167 0.252778 0.097917 0.112963
