0 0.317708 0.850000 0.131250 0.214815
0 0.446354 0.820370 0.130208 0.229630
0 0.670312 0.722222 0.105208 0.162963
0 0.510417 0.961111 0.160417 0.077778
0 0.422917 0.470370 0.106250 0.092593
0 0.431250 0.432407 0.118750 0.064815
0 0.614062 0.428704 0.111458 0.083333
0 0.658333 0.363889 0.075000 0.064815
0 0.478125 0.300926 0.035417 0.053704
0 0.529167 0.316667 0.035417 0.055556
0 0.458333 0.279630 0.029167 0.048148
0 0.476562 0.261111 0.021875 0.037037
0 0.457292 0.234259 0.020833 0.027778
0 0.496354 0.250926 0.019792 0.024074
2 0.306771 0.899074 0.040625 0.020370
2 0.431771 0.898148 0.038542 0.018519
2 0.757812 0.951852 0.013542 0.018519
3 0.369792 0.635185 0.056250 0.155556
3 0.261458 0.652778 0.045833 0.146296
3 0.504687 0.457407 0.046875 0.088889
3 0.583333 0.459259 0.060417 0.096296
3 0.605208 0.529630 0.047917 0.129630
3 0.719271 0.562963 0.053125 0.140741
3 0.547396 0.337963 0.028125 0.057407
4 0.219271 0.753704 0.090625 0.181481
4 0.321354 0.481481 0.092708 0.111111
4 0.577604 0.780556 0.082292 0.242593
4 0.663542 0.904630 0.122917 0.190741
6 0.172917 0.875000 0.154167 0.250000
6 0.745313 0.821296 0.136458 0.335185
