0 0.282813 0.717593 0.134375 0.250000
0 0.653646 0.880556 0.196875 0.238889
0 0.825521 0.830556 0.161458 0.257407
0 0.646354 0.676852 0.142708 0.198148
0 0.305208 0.332407 0.183333 0.105556
0 0.653125 0.343519 0.072917 0.109259
0 0.168229 0.180556 0.073958 0.061111
0 0.324479 0.173148 0.057292 0.053704
0 0.330208 0.142593 0.035417 0.040741
0 0.402604 0.187963 0.028125 0.057407
0 0.514062 0.200000 0.026042 0.062963
0 0.561458 0.207407 0.070833 0.048148
0 0.559375 0.238889 0.081250 0.070370
0 0.535417 0.153704 0.031250 0.040741
0 0.507812 0.137963 0.026042 0.027778
1 0.683333 0.958333 0.052083 0.024074
1 0.654687 0.729630 0.038542 0.022222
2 0.280208 0.750926 0.039583 0.016667
2 0.465104 0.887963 0.021875 0.027778
3 0.130208 0.675926 0.060417 0.211111
3 0.372396 0.576852 0.088542 0.161111
3 0.527604 0.492593 0.046875 0.148148
3 0.552083 0.676852 0.035417 0.190741
3 0.733854 0.632407 0.055208 0.168519
3 0.640104 0.237037 0.034375 0.062963
3 0.968750 0.921296 0.058333 0.157407
4 0.440625 0.198148 0.027083 0.062963
4 0.450521 0.161111 0.019792 0.025926
6 0.466667 0.750000 0.143750 0.374074
6 0.473438 0.198148 0.053125 0.096296
