0 0.245312 0.792593 0.207292 0.285185
0 0.410938 0.853704 0.196875 0.292593
0 0.659896 0.815741 0.173958 0.298148
0 0.883854 0.912963 0.217708 0.174074
0 0.853646 0.716667 0.161458 0.222222
0 0.700000 0.627778 0.127083 0.214815
0 0.458854 0.648148 0.128125 0.177778
0 0.336458 0.599074 0.164583 0.209259
0 0.750000 0.262963 0.170833 0.114815
0 0.724479 0.156481 0.076042 0.075926
0 0.741667 0.202778 0.054167 0.068519
0 0.691146 0.044444 0.021875 0.037037
0 0.578125 0.196296 0.102083 0.066667
0 0.482292 0.256481 0.127083 0.079630
1 0.383854 0.930556 0.046875 0.027778
1 0.640625 0.874074 0.050000 0.025926
1 0.866146 0.782407 0.048958 0.024074
2 0.301563 0.628704 0.032292 0.012963
3 0.228125 0.887963 0.079167 0.224074
3 0.566667 0.585185 0.056250 0.203704
3 0.620833 0.528704 0.060417 0.198148
3 0.809375 0.506481 0.050000 0.168519
3 0.784896 0.458333 0.034375 0.153704
3 0.602083 0.239815 0.060417 0.075926
3 0.691146 0.176852 0.040625 0.079630
4 0.610417 0.062037 0.020833 0.050000
4 0.622396 0.059259 0.015625 0.048148
4 0.629167 0.051852 0.016667 0.048148
5 0.541667 0.161111 0.170833 0.144444
