0 0.321354 0.848148 0.130208 0.211111
0 0.445833 0.819444 0.131250 0.235185
0 0.512500 0.960185 0.156250 0.079630
0 0.635417 0.626852 0.102083 0.153704
0 0.725521 0.422222 0.088542 0.096296
0 0.652083 0.455556 0.122917 0.085185
0 0.527604 0.322222 0.051042 0.062963
0 0.498437 0.300926 0.023958 0.042593
0 0.460417 0.248148 0.022917 0.037037
0 0.505729 0.243519 0.021875 0.031481
0 0.495312 0.208333 0.011458 0.016667
2 0.306771 0.898148 0.038542 0.022222
2 0.071875 0.942593 0.014583 0.022222
2 0.433333 0.895370 0.043750 0.024074
2 0.756771 0.950000 0.013542 0.014815
2 0.644792 0.641667 0.029167 0.016667
3 0.079167 0.890741 0.039583 0.196296
3 0.261458 0.662037 0.050000 0.150000
3 0.367188 0.637037 0.053125 0.151852
3 0.607292 0.503704 0.043750 0.085185
3 0.439063 0.273148 0.009375 0.042593
3 0.469271 0.267593 0.009375 0.031481
4 0.215104 0.765741 0.094792 0.212963
4 0.581250 0.699074 0.079167 0.198148
4 0.659896 0.904630 0.121875 0.190741
4 0.422396 0.455556 0.080208 0.100000
4 0.513542 0.481481 0.093750 0.114815
6 0.171354 0.873148 0.151042 0.253704
6 0.744271 0.824074 0.151042 0.329630
