0 0.320833 0.850926 0.129167 0.212963
0 0.443229 0.815741 0.130208 0.227778
0 0.509896 0.961111 0.165625 0.077778
0 0.633854 0.628704 0.103125 0.142593
0 0.261979 0.463889 0.119792 0.087037
0 0.568229 0.337037 0.073958 0.070370
0 0.512500 0.315741 0.033333 0.053704
0 0.500000 0.285185 0.020833 0.044444
0 0.504167 0.251852 0.016667 0.033333
0 0.459375 0.255556 0.018750 0.040741
0 0.460938 0.197222 0.013542 0.024074
2 0.071875 0.942593 0.014583 0.018519
2 0.307292 0.900000 0.037500 0.025926
2 0.432812 0.896296 0.036458 0.018519
2 0.606250 0.757407 0.008333 0.011111
2 0.645833 0.648148 0.025000 0.018519
2 0.758333 0.950000 0.016667 0.018519
3 0.080208 0.895370 0.041667 0.201852
3 0.261458 0.662037 0.045833 0.150000
3 0.365104 0.633333 0.053125 0.151852
3 0.598958 0.529630 0.029167 0.103704
3 0.715104 0.610185 0.028125 0.112963
3 0.435417 0.286111 0.014583 0.046296
3 0.471354 0.275000 0.011458 0.038889
4 0.218750 0.760185 0.095833 0.190741
4 0.579167 0.704630 0.068750 0.201852
4 0.661979 0.905556 0.123958 0.188889
4 0.598437 0.455556 0.073958 0.096296
4 0.652604 0.476852 0.076042 0.101852
6 0.175000 0.873148 0.147917 0.242593
6 0.746875 0.825000 0.139583 0.331481
