0 0.285938 0.712963 0.134375 0.237037
0 0.654167 0.878704 0.193750 0.242593
0 0.645312 0.672222 0.140625 0.185185
0 0.830208 0.835185 0.154167 0.262963
0 0.167708 0.181481 0.072917 0.059259
0 0.321875 0.172222 0.062500 0.055556
0 0.331250 0.145370 0.037500 0.046296
0 0.415625 0.194444 0.039583 0.044444
0 0.433333 0.211111 0.056250 0.066667
0 0.507812 0.200926 0.042708 0.057407
0 0.494271 0.145370 0.036458 0.035185
0 0.453646 0.153704 0.021875 0.033333
0 0.503646 0.161111 0.032292 0.033333
0 0.536458 0.156481 0.033333 0.038889
0 0.625521 0.225926 0.055208 0.051852
1 0.683854 0.960185 0.046875 0.020370
2 0.279687 0.749074 0.040625 0.016667
2 0.465625 0.887963 0.022917 0.027778
2 0.656771 0.732407 0.038542 0.020370
2 0.146354 0.778704 0.019792 0.016667
2 0.549479 0.733333 0.015625 0.014815
3 0.155208 0.735185 0.054167 0.222222
3 0.221875 0.616667 0.060417 0.188889
3 0.552604 0.680556 0.032292 0.190741
3 0.732812 0.629630 0.053125 0.166667
3 0.968750 0.921296 0.062500 0.153704
3 0.276562 0.187037 0.030208 0.055556
3 0.375521 0.170370 0.021875 0.048148
3 0.496875 0.211111 0.022917 0.059259
4 0.548958 0.225000 0.047917 0.072222
4 0.472396 0.199074 0.032292 0.061111
6 0.460417 0.746296 0.158333 0.370370
6 0.657813 0.239815 0.065625 0.087037
