0 0.540625 0.403704 0.114583 0.137037
0 0.770833 0.522222 0.125000 0.203704
0 0.531250 0.830556 0.170833 0.338889
0 0.603125 0.216667 0.154167 0.096296
0 0.694271 0.197222 0.111458 0.075926
0 0.787500 0.215741 0.120833 0.090741
0 0.709375 0.037963 0.027083 0.042593
0 0.740625 0.046296 0.047917 0.037037
1 0.540625 0.924074 0.052083 0.025926
2 0.564063 0.412963 0.028125 0.022222
3 0.689063 0.448148 0.036458 0.162963
4 0.757812 0.162037 0.063542 0.057407
4 0.594271 0.071296 0.021875 0.050000
4 0.608333 0.060185 0.020833 0.042593
4 0.621875 0.055556 0.018750 0.040741
