0 0.286979 0.720370 0.140625 0.259259
0 0.653125 0.878704 0.191667 0.242593
0 0.646354 0.673148 0.142708 0.194444
0 0.334375 0.326852 0.147917 0.105556
0 0.168750 0.186111 0.075000 0.064815
0 0.359375 0.170370 0.058333 0.055556
0 0.329167 0.150926 0.035417 0.053704
0 0.408333 0.180556 0.025000 0.053704
0 0.490625 0.218519 0.070833 0.062963
0 0.612500 0.225926 0.081250 0.059259
0 0.826042 0.844444 0.156250 0.292593
1 0.682813 0.959259 0.051042 0.025926
2 0.654687 0.729630 0.038542 0.022222
2 0.464062 0.888889 0.028125 0.037037
2 0.279687 0.750000 0.040625 0.014815
3 0.164062 0.605556 0.061458 0.192593
3 0.550000 0.696296 0.033333 0.181481
3 0.732812 0.634259 0.053125 0.183333
3 0.593229 0.571296 0.090625 0.153704
3 0.577604 0.446296 0.034375 0.133333
3 0.531250 0.217593 0.020833 0.053704
3 0.676042 0.243519 0.037500 0.064815
4 0.468750 0.171296 0.022917 0.050000
6 0.465625 0.754630 0.141667 0.390741
6 0.440625 0.190741 0.041667 0.092593
