0 0.322917 0.848148 0.135417 0.214815
0 0.442708 0.823148 0.135417 0.242593
0 0.513021 0.962037 0.161458 0.075926
0 0.636979 0.639815 0.115625 0.146296
0 0.312500 0.441667 0.133333 0.079630
0 0.515104 0.464815 0.128125 0.092593
0 0.677083 0.359259 0.095833 0.062963
0 0.554167 0.338889 0.050000 0.062963
0 0.505729 0.302778 0.032292 0.050000
0 0.506250 0.262963 0.022917 0.033333
0 0.460938 0.264815 0.026042 0.044444
0 0.497396 0.220370 0.015625 0.029630
0 0.461458 0.197222 0.016667 0.024074
2 0.072917 0.942593 0.016667 0.022222
2 0.306771 0.898148 0.034375 0.018519
2 0.432812 0.895370 0.040625 0.020370
2 0.757292 0.951852 0.012500 0.018519
3 0.080729 0.890741 0.040625 0.196296
3 0.263542 0.663889 0.045833 0.153704
3 0.370312 0.642593 0.051042 0.144444
3 0.595313 0.533333 0.023958 0.118519
3 0.716667 0.596296 0.027083 0.125926
3 0.448958 0.300000 0.012500 0.044444
3 0.475521 0.293519 0.015625 0.046296
4 0.218229 0.763889 0.096875 0.201852
4 0.580729 0.717593 0.076042 0.220370
4 0.659896 0.906481 0.123958 0.187037
6 0.172396 0.867593 0.146875 0.253704
6 0.747917 0.821296 0.133333 0.320370
