0 0.551042 0.687037 0.139583 0.259259
0 0.510417 0.875926 0.162500 0.248148
0 0.794792 0.850926 0.212500 0.298148
0 0.743229 0.612037 0.130208 0.227778
0 0.635417 0.467593 0.102083 0.164815
0 0.051562 0.199074 0.055208 0.083333
0 0.032292 0.161111 0.056250 0.077778
2 0.130208 0.872222 0.018750 0.018519
2 0.213021 0.663889 0.021875 0.016667
2 0.375000 0.749074 0.016667 0.016667
2 0.515625 0.960185 0.058333 0.027778
2 0.554167 0.727778 0.039583 0.018519
2 0.631250 0.485185 0.037500 0.022222
2 0.760417 0.677778 0.035417 0.018519
2 0.816146 0.919444 0.048958 0.027778
3 0.226042 0.630556 0.060417 0.224074
3 0.800000 0.373148 0.033333 0.101852
4 0.092708 0.790741 0.141667 0.314815
4 0.344792 0.673148 0.114583 0.264815
