0 0.321875 0.850000 0.129167 0.211111
0 0.445833 0.820370 0.137500 0.237037
0 0.514583 0.962963 0.166667 0.074074
0 0.639062 0.648148 0.111458 0.140741
0 0.242708 0.463889 0.089583 0.079630
0 0.357812 0.438889 0.132292 0.085185
0 0.555729 0.461111 0.126042 0.100000
0 0.701562 0.357407 0.098958 0.077778
0 0.564063 0.344444 0.055208 0.051852
0 0.511458 0.306481 0.033333 0.053704
0 0.509896 0.266667 0.021875 0.033333
0 0.461458 0.266667 0.029167 0.040741
0 0.495312 0.223148 0.015625 0.024074
0 0.463542 0.201852 0.012500 0.018519
2 0.308854 0.897222 0.036458 0.020370
2 0.432292 0.900926 0.037500 0.020370
2 0.071354 0.942593 0.013542 0.014815
2 0.757812 0.949074 0.017708 0.012963
3 0.082812 0.890741 0.038542 0.218519
3 0.261458 0.664815 0.041667 0.133333
3 0.369792 0.640741 0.056250 0.151852
3 0.600000 0.541667 0.029167 0.098148
3 0.717708 0.607407 0.031250 0.114815
3 0.452083 0.310185 0.016667 0.061111
3 0.476562 0.294444 0.015625 0.051852
4 0.218229 0.757407 0.088542 0.185185
4 0.580729 0.717593 0.078125 0.212963
4 0.663021 0.905556 0.121875 0.188889
6 0.170833 0.874074 0.150000 0.251852
6 0.746354 0.823148 0.146875 0.327778
