0 0.270833 0.526852 0.110417 0.164815
0 0.372917 0.537963 0.083333 0.224074
0 0.409896 0.466667 0.082292 0.151852
0 0.535417 0.863889 0.172917 0.272222
0 0.569271 0.526852 0.076042 0.168519
0 0.671354 0.705556 0.163542 0.244444
0 0.553646 0.390741 0.073958 0.100000
0 0.678125 0.392593 0.085417 0.122222
0 0.486458 0.235185 0.054167 0.066667
0 0.754167 0.279630 0.066667 0.070370
0 0.960417 0.231481 0.062500 0.062963
0 0.971354 0.173148 0.051042 0.042593
2 0.254688 0.534259 0.026042 0.016667
2 0.369792 0.572222 0.025000 0.018519
2 0.557813 0.947222 0.044792 0.020370
2 0.697396 0.750926 0.034375 0.020370
3 0.135937 0.767593 0.053125 0.261111
3 0.376563 0.150000 0.011458 0.040741
3 0.342708 0.157407 0.014583 0.048148
3 0.742708 0.617593 0.043750 0.175926
4 0.684375 0.514815 0.089583 0.125926
4 0.875000 0.275000 0.052083 0.083333
4 0.865104 0.236111 0.048958 0.057407
4 0.901563 0.165741 0.021875 0.050000
5 0.864583 0.151852 0.054167 0.077778
6 0.494271 0.587963 0.111458 0.294444
