0 0.317708 0.847222 0.131250 0.220370
0 0.444271 0.815741 0.123958 0.227778
0 0.508854 0.961111 0.161458 0.077778
0 0.668750 0.711111 0.110417 0.174074
0 0.302083 0.473148 0.070833 0.083333
0 0.317188 0.450926 0.096875 0.083333
0 0.489583 0.428704 0.114583 0.090741
0 0.603125 0.349074 0.068750 0.053704
0 0.520312 0.310185 0.028125 0.053704
0 0.472396 0.296296 0.036458 0.051852
0 0.461979 0.274074 0.028125 0.040741
0 0.498437 0.246296 0.021875 0.033333
2 0.069271 0.942593 0.017708 0.018519
2 0.308333 0.900000 0.035417 0.014815
2 0.430208 0.895370 0.035417 0.024074
2 0.753125 0.950926 0.010417 0.020370
3 0.078125 0.889815 0.041667 0.194444
3 0.365104 0.639815 0.053125 0.150000
3 0.598958 0.546296 0.037500 0.100000
3 0.610417 0.503704 0.037500 0.107407
3 0.686458 0.481481 0.072917 0.092593
3 0.515625 0.328704 0.020833 0.053704
3 0.382812 0.456481 0.059375 0.090741
3 0.456771 0.461111 0.061458 0.100000
4 0.213542 0.753704 0.097917 0.181481
4 0.578125 0.765741 0.081250 0.224074
4 0.665625 0.904630 0.120833 0.190741
4 0.246354 0.487963 0.092708 0.109259
6 0.170313 0.872222 0.146875 0.255556
6 0.751563 0.823148 0.146875 0.331481
