0 0.552604 0.694444 0.144792 0.266667
0 0.509896 0.875000 0.161458 0.250000
0 0.794792 0.850926 0.214583 0.298148
0 0.742708 0.608333 0.131250 0.220370
0 0.634896 0.467593 0.109375 0.164815
0 0.052604 0.200926 0.057292 0.087037
0 0.029687 0.162037 0.048958 0.075926
2 0.132812 0.850926 0.015625 0.024074
2 0.212500 0.665741 0.014583 0.016667
2 0.376042 0.750000 0.018750 0.022222
2 0.552083 0.729630 0.037500 0.014815
2 0.516146 0.955556 0.053125 0.025926
2 0.630729 0.482407 0.036458 0.012963
2 0.759896 0.677778 0.036458 0.018519
2 0.821354 0.918519 0.055208 0.033333
3 0.222917 0.630556 0.050000 0.220370
3 0.799479 0.375000 0.036458 0.105556
4 0.095833 0.773148 0.135417 0.305556
4 0.341667 0.678704 0.114583 0.283333
