0 0.552083 0.419444 0.112500 0.146296
0 0.545833 0.873148 0.183333 0.253704
0 0.770833 0.534259 0.122917 0.201852
0 0.863021 0.189815 0.094792 0.087037
0 0.940625 0.221296 0.118750 0.083333
0 0.556250 0.220370 0.158333 0.096296
0 0.634375 0.191667 0.087500 0.068519
0 0.721354 0.212037 0.117708 0.083333
0 0.717708 0.047222 0.029167 0.042593
0 0.749479 0.050926 0.040625 0.035185
2 0.572917 0.429630 0.033333 0.018519
3 0.689583 0.450926 0.033333 0.157407
4 0.708854 0.159259 0.065625 0.044444
4 0.595313 0.069444 0.019792 0.050000
4 0.608854 0.063889 0.019792 0.050000
4 0.622396 0.054630 0.021875 0.042593
