0 0.244271 0.792593 0.205208 0.285185
0 0.410417 0.852778 0.195833 0.294444
0 0.657292 0.814815 0.175000 0.292593
0 0.883333 0.912037 0.212500 0.175926
0 0.853125 0.721296 0.160417 0.242593
0 0.700521 0.632407 0.134375 0.220370
0 0.457292 0.649074 0.122917 0.175926
0 0.337500 0.605556 0.170833 0.214815
0 0.469271 0.283333 0.165625 0.118519
0 0.577604 0.204630 0.103125 0.075926
0 0.725521 0.220370 0.080208 0.096296
0 0.691667 0.131481 0.045833 0.066667
0 0.795312 0.161111 0.090625 0.077778
1 0.383333 0.931481 0.045833 0.018519
1 0.641146 0.875000 0.046875 0.020370
2 0.865104 0.782407 0.048958 0.024074
2 0.303125 0.629630 0.037500 0.018519
2 0.694792 0.666667 0.035417 0.018519
3 0.223958 0.887963 0.087500 0.224074
3 0.580208 0.521296 0.054167 0.175926
3 0.665625 0.488889 0.066667 0.166667
3 0.814063 0.509259 0.055208 0.188889
3 0.786979 0.458333 0.036458 0.157407
3 0.685937 0.176852 0.030208 0.068519
4 0.609375 0.062963 0.018750 0.051852
4 0.622396 0.058333 0.013542 0.050000
4 0.629167 0.057407 0.016667 0.051852
5 0.541146 0.150926 0.171875 0.127778
5 0.908854 0.237037 0.182292 0.248148
