0 0.243750 0.790741 0.206250 0.281481
0 0.410417 0.850926 0.200000 0.287037
0 0.657292 0.816667 0.172917 0.288889
0 0.883854 0.911111 0.219792 0.177778
0 0.854688 0.719444 0.159375 0.227778
0 0.699479 0.628704 0.130208 0.224074
0 0.458333 0.649074 0.122917 0.175926
0 0.336979 0.600926 0.167708 0.212963
0 0.687500 0.079630 0.033333 0.037037
0 0.684896 0.102778 0.038542 0.031481
0 0.778646 0.163889 0.082292 0.068519
1 0.383333 0.931481 0.045833 0.022222
1 0.641146 0.875926 0.048958 0.025926
2 0.863542 0.780556 0.047917 0.016667
2 0.302604 0.632407 0.036458 0.016667
3 0.223958 0.890741 0.083333 0.218519
3 0.688542 0.461111 0.062500 0.129630
3 0.735938 0.426852 0.071875 0.142593
3 0.783333 0.452778 0.027083 0.150000
3 0.810937 0.504630 0.048958 0.179630
3 0.816667 0.313889 0.081250 0.116667
4 0.610938 0.062037 0.021875 0.050000
4 0.622917 0.056481 0.014583 0.042593
4 0.630208 0.052778 0.014583 0.050000
5 0.538021 0.246296 0.390625 0.251852
