0 0.227604 0.653704 0.144792 0.203704
0 0.358333 0.669444 0.104167 0.264815
0 0.378646 0.506481 0.096875 0.146296
0 0.538542 0.475000 0.085417 0.109259
0 0.643229 0.455556 0.092708 0.129630
0 0.603646 0.628704 0.094792 0.205556
0 0.575521 0.938889 0.192708 0.122222
0 0.763542 0.862963 0.239583 0.274074
0 0.567187 0.215741 0.061458 0.057407
0 0.636979 0.301852 0.073958 0.081481
0 0.826562 0.244444 0.067708 0.059259
2 0.206250 0.669444 0.037500 0.020370
2 0.356771 0.703704 0.036458 0.018519
2 0.564063 0.755556 0.021875 0.029630
2 0.812500 0.966667 0.045833 0.022222
3 0.679167 0.567593 0.031250 0.190741
3 0.867188 0.773148 0.067708 0.227778
3 0.390104 0.166667 0.009375 0.048148
3 0.351042 0.167593 0.008333 0.053704
3 0.866146 0.249074 0.021875 0.068519
4 0.757812 0.635185 0.105208 0.192593
4 0.731771 0.312963 0.051042 0.096296
4 0.710417 0.259259 0.035417 0.074074
4 0.357292 0.126852 0.012500 0.031481
4 0.831771 0.164815 0.023958 0.044444
5 0.954688 0.214815 0.086458 0.125926
5 0.865104 0.152778 0.053125 0.064815
6 0.511458 0.700000 0.143750 0.355556
