0 0.240625 0.787963 0.204167 0.272222
0 0.413542 0.851852 0.197917 0.292593
0 0.655208 0.810185 0.177083 0.294444
0 0.882812 0.910185 0.211458 0.179630
0 0.854688 0.716667 0.159375 0.222222
0 0.336458 0.599074 0.170833 0.220370
0 0.458333 0.650926 0.127083 0.183333
0 0.696875 0.627778 0.133333 0.218519
0 0.712500 0.257407 0.137500 0.100000
0 0.747396 0.206481 0.076042 0.087037
0 0.776042 0.162037 0.089583 0.075926
0 0.918750 0.248148 0.162500 0.125926
0 0.687500 0.054630 0.027083 0.046296
1 0.643750 0.875000 0.050000 0.024074
1 0.864062 0.783333 0.048958 0.022222
1 0.384375 0.932407 0.045833 0.020370
2 0.302604 0.629630 0.032292 0.018519
2 0.567708 0.658333 0.012500 0.020370
3 0.228646 0.887963 0.088542 0.224074
3 0.571875 0.616667 0.066667 0.203704
3 0.593750 0.537037 0.047917 0.185185
3 0.810417 0.501852 0.045833 0.185185
3 0.782813 0.456481 0.034375 0.168519
3 0.631250 0.237963 0.045833 0.090741
3 0.682292 0.178704 0.043750 0.083333
4 0.609375 0.061111 0.022917 0.044444
4 0.625000 0.059259 0.014583 0.055556
4 0.630729 0.054630 0.009375 0.046296
5 0.541146 0.163889 0.167708 0.153704
