0 0.243229 0.793519 0.207292 0.287037
0 0.397917 0.866667 0.204167 0.266667
0 0.659375 0.813889 0.175000 0.287037
0 0.883333 0.910185 0.210417 0.179630
0 0.853125 0.712963 0.160417 0.218519
0 0.695312 0.627778 0.126042 0.218519
0 0.458854 0.675926 0.126042 0.229630
0 0.335938 0.604630 0.167708 0.227778
0 0.702604 0.195370 0.113542 0.075926
0 0.694271 0.088889 0.030208 0.051852
0 0.928646 0.266667 0.142708 0.133333
0 0.579167 0.200926 0.095833 0.068519
1 0.367708 0.971296 0.045833 0.020370
1 0.642188 0.876852 0.046875 0.020370
1 0.864062 0.781481 0.051042 0.018519
2 0.695312 0.666667 0.032292 0.018519
2 0.301042 0.630556 0.033333 0.012963
2 0.555729 0.740741 0.015625 0.018519
3 0.225521 0.890741 0.078125 0.218519
3 0.560937 0.696296 0.057292 0.237037
3 0.582812 0.606481 0.063542 0.209259
3 0.809375 0.507407 0.050000 0.185185
3 0.785937 0.456481 0.040625 0.150000
3 0.673438 0.237963 0.046875 0.094444
4 0.609375 0.063889 0.016667 0.046296
4 0.621354 0.055556 0.017708 0.048148
4 0.631250 0.051852 0.014583 0.044444
5 0.541146 0.164815 0.171875 0.144444
