0 0.578125 0.456481 0.104167 0.161111
0 0.766146 0.600000 0.140625 0.225926
0 0.553646 0.214815 0.107292 0.070370
0 0.677604 0.198148 0.073958 0.085185
0 0.741667 0.216667 0.127083 0.092593
0 0.813021 0.176852 0.119792 0.087037
0 0.923958 0.196296 0.112500 0.081481
0 0.714063 0.042593 0.021875 0.044444
0 0.738021 0.048148 0.040625 0.044444
2 0.585417 0.474074 0.029167 0.018519
3 0.690104 0.483333 0.042708 0.174074
4 0.590625 0.069444 0.025000 0.050000
4 0.606250 0.066667 0.018750 0.044444
4 0.619792 0.053704 0.018750 0.044444
