0 0.321354 0.848148 0.136458 0.214815
0 0.446354 0.816667 0.136458 0.229630
0 0.509375 0.962963 0.160417 0.074074
0 0.634375 0.624074 0.108333 0.155556
0 0.546354 0.332407 0.061458 0.064815
0 0.503646 0.308333 0.028125 0.046296
0 0.460938 0.250000 0.023958 0.033333
0 0.505729 0.250000 0.019792 0.037037
0 0.732292 0.455556 0.125000 0.074074
2 0.072396 0.945370 0.013542 0.020370
2 0.307812 0.903704 0.040625 0.022222
2 0.432812 0.897222 0.036458 0.020370
2 0.607812 0.756481 0.015625 0.020370
2 0.645833 0.646296 0.029167 0.014815
2 0.758333 0.947222 0.014583 0.020370
3 0.079167 0.886111 0.037500 0.205556
3 0.256771 0.662037 0.042708 0.138889
3 0.366146 0.636111 0.055208 0.150000
3 0.716146 0.602778 0.032292 0.112963
3 0.437500 0.278704 0.010417 0.046296
3 0.469792 0.276852 0.014583 0.042593
4 0.217188 0.762037 0.096875 0.194444
4 0.582292 0.698148 0.075000 0.196296
4 0.658854 0.905556 0.123958 0.188889
4 0.512500 0.455556 0.077083 0.100000
4 0.581250 0.480556 0.087500 0.101852
6 0.172917 0.875000 0.145833 0.246296
6 0.747917 0.817593 0.141667 0.324074
