0 0.584896 0.477778 0.105208 0.166667
0 0.765104 0.639815 0.144792 0.257407
0 0.653646 0.217593 0.123958 0.083333
0 0.738021 0.179630 0.121875 0.092593
0 0.829167 0.200926 0.087500 0.087037
0 0.938021 0.225000 0.123958 0.098148
0 0.905208 0.142593 0.091667 0.066667
0 0.718229 0.041667 0.030208 0.042593
0 0.745833 0.047222 0.039583 0.038889
2 0.584375 0.494444 0.033333 0.022222
3 0.689063 0.504630 0.046875 0.172222
4 0.592187 0.069444 0.021875 0.050000
4 0.609375 0.064815 0.018750 0.040741
4 0.618750 0.051852 0.018750 0.040741
