0 0.550521 0.690741 0.140625 0.259259
0 0.512500 0.877778 0.164583 0.244444
0 0.744271 0.606481 0.134375 0.220370
0 0.633854 0.468519 0.103125 0.162963
0 0.796354 0.851852 0.207292 0.296296
0 0.054167 0.199074 0.058333 0.079630
0 0.032292 0.164815 0.060417 0.081481
2 0.134375 0.830556 0.020833 0.024074
2 0.210417 0.662963 0.014583 0.018519
2 0.376042 0.749074 0.014583 0.016667
2 0.552604 0.728704 0.038542 0.020370
2 0.514583 0.958333 0.060417 0.024074
2 0.630729 0.484259 0.036458 0.016667
2 0.760417 0.677778 0.041667 0.018519
2 0.819792 0.917593 0.054167 0.031481
3 0.221875 0.627778 0.056250 0.218519
3 0.800000 0.375926 0.037500 0.107407
4 0.097396 0.759259 0.128125 0.300000
4 0.343229 0.679630 0.113542 0.277778
4 0.798958 0.181481 0.052083 0.088889
