0 0.231771 0.639815 0.140625 0.201852
0 0.384896 0.510185 0.094792 0.161111
0 0.533854 0.460185 0.084375 0.109259
0 0.359375 0.650926 0.095833 0.264815
0 0.598437 0.621296 0.090625 0.212963
0 0.568229 0.932407 0.186458 0.135185
0 0.750521 0.845370 0.228125 0.283333
0 0.638542 0.450926 0.087500 0.131481
0 0.650521 0.299074 0.076042 0.090741
0 0.557292 0.217593 0.058333 0.061111
0 0.842187 0.246296 0.073958 0.062963
2 0.210938 0.655556 0.034375 0.014815
2 0.354687 0.686111 0.030208 0.012963
2 0.560417 0.740741 0.016667 0.029630
2 0.794792 0.941667 0.047917 0.020370
3 0.851042 0.762037 0.072917 0.238889
3 0.673438 0.555556 0.044792 0.170370
3 0.389062 0.165741 0.015625 0.046296
3 0.350000 0.164815 0.012500 0.048148
3 0.884375 0.241667 0.029167 0.064815
4 0.749479 0.619444 0.103125 0.187037
4 0.750521 0.312037 0.055208 0.087037
4 0.833854 0.168519 0.026042 0.048148
4 0.904167 0.164815 0.020833 0.044444
4 0.356250 0.124074 0.016667 0.033333
5 0.864583 0.150000 0.054167 0.070370
6 0.508854 0.690741 0.136458 0.348148
