0 0.508854 0.861111 0.148958 0.277778
0 0.335417 0.790741 0.129167 0.322222
0 0.611458 0.550926 0.114583 0.161111
0 0.742708 0.342593 0.116667 0.100000
0 0.881771 0.270370 0.092708 0.081481
0 0.380729 0.162037 0.038542 0.050000
1 0.522917 0.913889 0.047917 0.024074
1 0.336458 0.849074 0.043750 0.020370
3 0.210938 0.823148 0.048958 0.253704
3 0.246875 0.610185 0.052083 0.168519
3 0.170313 0.327778 0.061458 0.088889
3 0.506250 0.496296 0.041667 0.151852
3 0.561979 0.684259 0.051042 0.183333
3 0.703125 0.797222 0.062500 0.238889
4 0.779687 0.683333 0.111458 0.255556
4 0.420312 0.162037 0.021875 0.050000
6 0.428646 0.335185 0.176042 0.162963
6 0.680729 0.246296 0.084375 0.111111
6 0.927083 0.151852 0.043750 0.107407
