0 0.187500 0.745370 0.175000 0.246296
0 0.356771 0.561111 0.117708 0.162963
0 0.351562 0.778704 0.126042 0.357407
0 0.560937 0.531481 0.109375 0.114815
0 0.632812 0.693519 0.115625 0.242593
0 0.822396 0.904630 0.276042 0.190741
0 0.658854 0.503704 0.111458 0.148148
0 0.567187 0.331481 0.080208 0.100000
0 0.632812 0.200000 0.061458 0.055556
0 0.736458 0.261111 0.072917 0.066667
0 0.909896 0.287037 0.071875 0.081481
2 0.157812 0.781481 0.040625 0.022222
2 0.348958 0.820370 0.037500 0.018519
2 0.588021 0.842593 0.021875 0.022222
2 0.643229 0.714815 0.036458 0.014815
3 0.713021 0.617593 0.038542 0.209259
3 0.401042 0.180556 0.014583 0.053704
3 0.355208 0.169444 0.012500 0.046296
4 0.808854 0.708333 0.128125 0.224074
4 0.359896 0.132407 0.017708 0.031481
4 0.644792 0.355556 0.062500 0.114815
4 0.632812 0.268519 0.051042 0.066667
5 0.867188 0.145370 0.055208 0.057407
5 0.906250 0.214815 0.185417 0.137037
6 0.527604 0.778704 0.155208 0.398148
