0 0.168750 0.780556 0.191667 0.250000
0 0.350521 0.789815 0.126042 0.331481
0 0.343750 0.579630 0.112500 0.174074
0 0.569271 0.556481 0.115625 0.124074
0 0.642188 0.708333 0.117708 0.235185
0 0.843750 0.919444 0.285417 0.161111
0 0.661458 0.525000 0.114583 0.168519
0 0.541667 0.340741 0.077083 0.100000
0 0.654687 0.197222 0.059375 0.057407
0 0.870313 0.296296 0.073958 0.081481
0 0.704167 0.261111 0.064583 0.070370
2 0.138021 0.823148 0.044792 0.020370
2 0.348958 0.861111 0.043750 0.022222
2 0.601042 0.884259 0.025000 0.027778
2 0.656250 0.731481 0.037500 0.018519
3 0.728125 0.632407 0.045833 0.205556
3 0.401042 0.186111 0.012500 0.057407
3 0.358333 0.170370 0.012500 0.051852
4 0.821354 0.731481 0.128125 0.225926
4 0.614062 0.367593 0.061458 0.116667
4 0.609896 0.278704 0.051042 0.083333
4 0.358854 0.132407 0.015625 0.031481
5 0.878125 0.224074 0.191667 0.144444
5 0.865104 0.134259 0.051042 0.046296
6 0.536458 0.800000 0.170833 0.388889
