0 0.550000 0.687963 0.143750 0.246296
0 0.514062 0.878704 0.167708 0.242593
0 0.795312 0.850926 0.205208 0.298148
0 0.744271 0.612963 0.136458 0.218519
0 0.635938 0.468519 0.105208 0.159259
0 0.059896 0.227778 0.117708 0.092593
0 0.456771 0.050926 0.017708 0.035185
2 0.515625 0.959259 0.052083 0.018519
2 0.211458 0.665741 0.014583 0.016667
2 0.376563 0.753704 0.013542 0.022222
2 0.551562 0.729630 0.038542 0.014815
2 0.628125 0.487037 0.037500 0.018519
2 0.760417 0.680556 0.037500 0.024074
2 0.815625 0.913889 0.045833 0.020370
3 0.226562 0.630556 0.059375 0.220370
3 0.645312 0.345370 0.055208 0.090741
3 0.803125 0.375926 0.041667 0.107407
4 0.065625 0.896296 0.127083 0.207407
4 0.342708 0.686111 0.112500 0.257407
4 0.950521 0.149074 0.042708 0.075926
