0 0.550521 0.683333 0.138542 0.255556
0 0.509896 0.895370 0.169792 0.209259
0 0.795312 0.853704 0.205208 0.292593
0 0.743750 0.604630 0.129167 0.205556
0 0.634375 0.470370 0.104167 0.166667
0 0.022917 0.287963 0.043750 0.112963
0 0.052604 0.212963 0.090625 0.092593
0 0.320833 0.231481 0.120833 0.081481
0 0.452604 0.059259 0.019792 0.037037
2 0.190104 0.715741 0.013542 0.024074
2 0.377083 0.750000 0.016667 0.018519
2 0.552604 0.729630 0.040625 0.014815
2 0.632292 0.487037 0.037500 0.018519
2 0.760417 0.680556 0.039583 0.016667
2 0.820312 0.920370 0.053125 0.029630
3 0.204167 0.679630 0.050000 0.229630
3 0.390625 0.462963 0.054167 0.155556
3 0.728646 0.362963 0.059375 0.144444
3 0.801042 0.376852 0.037500 0.116667
4 0.217708 0.217593 0.081250 0.094444
4 0.340625 0.672222 0.106250 0.266667
