0 0.581771 0.514815 0.115625 0.181481
0 0.769792 0.809259 0.179167 0.311111
0 0.683854 0.224074 0.132292 0.096296
0 0.578125 0.182407 0.118750 0.075926
0 0.713021 0.164815 0.111458 0.081481
0 0.872917 0.171296 0.129167 0.094444
0 0.920312 0.222222 0.136458 0.092593
0 0.691667 0.040741 0.031250 0.048148
0 0.738542 0.045370 0.039583 0.035185
2 0.569792 0.534259 0.037500 0.012963
3 0.666146 0.597222 0.046875 0.201852
4 0.593750 0.071296 0.020833 0.046296
4 0.609375 0.062037 0.014583 0.046296
4 0.620833 0.058333 0.014583 0.046296
