0 0.321354 0.854630 0.138542 0.216667
0 0.444271 0.822222 0.134375 0.237037
0 0.513542 0.960185 0.172917 0.079630
0 0.633854 0.629630 0.105208 0.155556
0 0.502604 0.282407 0.028125 0.053704
0 0.484375 0.269444 0.018750 0.038889
0 0.458333 0.230556 0.018750 0.027778
0 0.505729 0.226852 0.015625 0.035185
0 0.757812 0.415741 0.101042 0.090741
0 0.789583 0.457407 0.085417 0.092593
2 0.070833 0.943519 0.016667 0.024074
2 0.308854 0.899074 0.042708 0.024074
2 0.430208 0.892593 0.035417 0.011111
2 0.645833 0.646296 0.029167 0.014815
2 0.756771 0.951852 0.019792 0.022222
3 0.079687 0.894444 0.038542 0.211111
3 0.259375 0.661111 0.054167 0.140741
3 0.366146 0.637037 0.055208 0.151852
3 0.609896 0.505556 0.053125 0.103704
3 0.449479 0.252778 0.009375 0.027778
3 0.467187 0.251852 0.009375 0.029630
4 0.217708 0.763889 0.093750 0.198148
4 0.581250 0.695370 0.072917 0.201852
4 0.660417 0.905556 0.122917 0.188889
5 0.561458 0.418519 0.291667 0.218519
6 0.170313 0.869444 0.144792 0.261111
6 0.743750 0.819444 0.150000 0.331481
