0 0.584375 0.496296 0.106250 0.170370
0 0.769271 0.692593 0.163542 0.274074
0 0.825000 0.225926 0.147917 0.100000
0 0.577083 0.217593 0.112500 0.072222
0 0.667708 0.183333 0.120833 0.085185
0 0.753646 0.200000 0.073958 0.077778
0 0.835417 0.155556 0.116667 0.077778
0 0.690104 0.037963 0.026042 0.042593
0 0.728646 0.046296 0.038542 0.037037
0 0.756771 0.044444 0.032292 0.040741
2 0.578646 0.514815 0.036458 0.022222
3 0.683333 0.530556 0.043750 0.179630
4 0.594271 0.073148 0.021875 0.050000
4 0.607812 0.063889 0.017708 0.046296
4 0.621354 0.056481 0.015625 0.038889
