0 0.322396 0.850926 0.136458 0.216667
0 0.444792 0.816667 0.131250 0.233333
0 0.513021 0.961111 0.161458 0.077778
0 0.410938 0.433333 0.113542 0.088889
0 0.235417 0.449074 0.079167 0.090741
0 0.653125 0.462037 0.133333 0.087037
0 0.785937 0.447222 0.088542 0.075926
0 0.468229 0.290741 0.026042 0.044444
0 0.516146 0.303704 0.030208 0.048148
0 0.575000 0.345370 0.058333 0.064815
0 0.461979 0.264815 0.023958 0.044444
0 0.496875 0.239815 0.014583 0.031481
0 0.659896 0.705556 0.103125 0.170370
2 0.072396 0.942593 0.015625 0.025926
2 0.308854 0.900000 0.038542 0.022222
2 0.758854 0.950926 0.017708 0.016667
3 0.080729 0.895370 0.036458 0.209259
3 0.365104 0.637963 0.053125 0.161111
3 0.261979 0.662963 0.048958 0.144444
3 0.605729 0.481481 0.063542 0.103704
3 0.300521 0.457407 0.065625 0.092593
3 0.368750 0.464815 0.062500 0.096296
3 0.597396 0.545370 0.038542 0.098148
3 0.506771 0.324074 0.017708 0.055556
4 0.219271 0.762037 0.098958 0.198148
4 0.581250 0.755556 0.079167 0.225926
4 0.660417 0.905556 0.127083 0.188889
4 0.221354 0.487963 0.044792 0.116667
6 0.172917 0.873148 0.154167 0.253704
6 0.746875 0.826852 0.152083 0.327778
