0 0.336979 0.793519 0.126042 0.320370
0 0.510938 0.849074 0.140625 0.283333
0 0.609896 0.550000 0.117708 0.155556
0 0.692708 0.337963 0.104167 0.094444
0 0.840104 0.259259 0.082292 0.070370
0 0.377604 0.159259 0.036458 0.051852
1 0.333854 0.847222 0.042708 0.024074
2 0.519792 0.893519 0.043750 0.020370
3 0.216667 0.784259 0.052083 0.231481
3 0.255208 0.600926 0.041667 0.168519
3 0.502604 0.500926 0.040625 0.153704
3 0.548438 0.649074 0.048958 0.146296
3 0.684896 0.778704 0.061458 0.227778
6 0.362500 0.330556 0.179167 0.157407
6 0.930729 0.150926 0.048958 0.105556
6 0.654167 0.239815 0.079167 0.109259
