0 0.241667 0.793519 0.210417 0.279630
0 0.408333 0.856481 0.200000 0.287037
0 0.658333 0.815741 0.177083 0.290741
0 0.853125 0.717593 0.160417 0.220370
0 0.883333 0.910185 0.216667 0.179630
0 0.697396 0.630556 0.132292 0.220370
0 0.458854 0.650926 0.128125 0.179630
0 0.335938 0.600926 0.167708 0.216667
0 0.739062 0.277778 0.180208 0.122222
0 0.877604 0.259259 0.105208 0.100000
0 0.717708 0.196296 0.110417 0.077778
0 0.686458 0.079630 0.033333 0.051852
1 0.380729 0.938889 0.044792 0.022222
1 0.642188 0.875926 0.048958 0.022222
1 0.864583 0.780556 0.047917 0.020370
2 0.301042 0.629630 0.033333 0.014815
2 0.557813 0.731481 0.011458 0.018519
3 0.227083 0.887963 0.081250 0.224074
3 0.561979 0.685185 0.053125 0.222222
3 0.586979 0.583333 0.053125 0.192593
3 0.784896 0.454630 0.032292 0.157407
3 0.813542 0.504630 0.047917 0.175926
3 0.644271 0.237037 0.046875 0.088889
3 0.540625 0.146296 0.166667 0.111111
0 0.575521 0.196296 0.109375 0.070370
4 0.609896 0.065741 0.019792 0.046296
4 0.621875 0.060185 0.014583 0.042593
4 0.629687 0.055556 0.015625 0.044444
