0 0.213021 0.229630 0.121875 0.088889
0 0.052083 0.199074 0.058333 0.075926
0 0.029167 0.163889 0.054167 0.083333
0 0.550000 0.686111 0.143750 0.250000
0 0.508854 0.880556 0.163542 0.238889
0 0.636458 0.469444 0.106250 0.168519
0 0.744271 0.611111 0.132292 0.214815
0 0.796875 0.852778 0.208333 0.294444
0 0.102604 0.147222 0.046875 0.057407
0 0.131771 0.137037 0.046875 0.062963
0 0.455729 0.058333 0.017708 0.031481
2 0.374479 0.749074 0.017708 0.024074
2 0.205208 0.682407 0.014583 0.020370
2 0.553646 0.729630 0.040625 0.014815
2 0.516146 0.966667 0.057292 0.025926
2 0.629687 0.481481 0.032292 0.018519
2 0.759375 0.675926 0.037500 0.025926
2 0.820833 0.917593 0.062500 0.031481
3 0.219792 0.649074 0.052083 0.224074
3 0.475000 0.420370 0.052083 0.144444
3 0.787500 0.342593 0.037500 0.133333
4 0.344792 0.676852 0.108333 0.279630
4 0.140625 0.212037 0.075000 0.094444
