0 0.552604 0.690741 0.140625 0.259259
0 0.509375 0.877778 0.170833 0.244444
0 0.634375 0.474074 0.106250 0.174074
0 0.742188 0.612037 0.130208 0.220370
0 0.795312 0.851852 0.211458 0.296296
0 0.051562 0.198148 0.059375 0.081481
0 0.031250 0.158333 0.058333 0.075926
2 0.136979 0.812963 0.021875 0.025926
2 0.211979 0.664815 0.017708 0.014815
2 0.376042 0.751852 0.014583 0.018519
2 0.552083 0.726852 0.041667 0.020370
2 0.517188 0.960185 0.053125 0.031481
2 0.628646 0.488889 0.036458 0.022222
2 0.758333 0.678704 0.033333 0.016667
2 0.821875 0.916667 0.054167 0.025926
3 0.225000 0.630556 0.058333 0.224074
3 0.803125 0.377778 0.037500 0.111111
4 0.098437 0.738889 0.121875 0.300000
4 0.343229 0.675000 0.107292 0.275926
4 0.776563 0.184259 0.048958 0.072222
