0 0.321875 0.848148 0.135417 0.207407
0 0.445312 0.817593 0.134375 0.227778
0 0.512500 0.960185 0.160417 0.079630
0 0.636979 0.632407 0.098958 0.150000
0 0.740104 0.453704 0.142708 0.088889
0 0.681250 0.417593 0.095833 0.105556
0 0.503125 0.277778 0.031250 0.055556
0 0.483333 0.268519 0.018750 0.029630
0 0.459375 0.230556 0.014583 0.027778
0 0.502604 0.222222 0.013542 0.025926
2 0.071875 0.946296 0.014583 0.018519
2 0.307812 0.900000 0.040625 0.025926
2 0.432812 0.899074 0.038542 0.024074
2 0.646875 0.645370 0.027083 0.012963
2 0.757292 0.950926 0.018750 0.020370
3 0.081250 0.894444 0.039583 0.211111
3 0.254167 0.657407 0.033333 0.137037
3 0.372396 0.640741 0.055208 0.151852
3 0.610938 0.504630 0.053125 0.101852
3 0.456250 0.247222 0.008333 0.031481
3 0.467708 0.246296 0.012500 0.025926
4 0.217708 0.756481 0.091667 0.190741
4 0.579167 0.698148 0.075000 0.211111
4 0.657813 0.903704 0.126042 0.192593
5 0.491667 0.415741 0.283333 0.224074
6 0.169792 0.875926 0.143750 0.248148
6 0.744271 0.820370 0.151042 0.311111
