0 0.169792 0.316667 0.106250 0.096296
0 0.339062 0.789815 0.126042 0.316667
0 0.494792 0.768519 0.120833 0.259259
0 0.610938 0.548148 0.113542 0.148148
0 0.366146 0.142593 0.028125 0.048148
0 0.564063 0.205556 0.055208 0.051852
0 0.636458 0.212963 0.058333 0.055556
0 0.876042 0.170370 0.027083 0.048148
1 0.335938 0.847222 0.042708 0.020370
2 0.509375 0.800926 0.043750 0.020370
3 0.075000 0.866667 0.075000 0.255556
3 0.465104 0.528704 0.042708 0.157407
3 0.507292 0.502778 0.043750 0.157407
3 0.596875 0.616667 0.054167 0.174074
3 0.520312 0.334259 0.042708 0.101852
4 0.494271 0.910185 0.128125 0.179630
4 0.753125 0.637963 0.097917 0.220370
4 0.426042 0.187963 0.035417 0.061111
4 0.400000 0.159259 0.020833 0.044444
4 0.813021 0.287037 0.067708 0.092593
4 0.969271 0.283333 0.059375 0.085185
6 0.927604 0.151852 0.048958 0.100000
6 0.495833 0.200926 0.060417 0.087037
