0 0.551042 0.689815 0.139583 0.257407
0 0.509896 0.877778 0.159375 0.244444
0 0.635417 0.468519 0.104167 0.166667
0 0.745313 0.610185 0.126042 0.212963
0 0.797917 0.851852 0.208333 0.296296
0 0.051562 0.199074 0.059375 0.075926
0 0.029167 0.157407 0.056250 0.070370
2 0.139583 0.782407 0.016667 0.020370
2 0.211458 0.665741 0.014583 0.020370
2 0.373958 0.747222 0.014583 0.024074
2 0.550000 0.725926 0.035417 0.014815
2 0.517188 0.959259 0.055208 0.025926
2 0.631250 0.483333 0.035417 0.014815
2 0.759896 0.679630 0.034375 0.014815
2 0.819271 0.915741 0.055208 0.031481
3 0.226042 0.627778 0.058333 0.218519
3 0.801042 0.374074 0.035417 0.100000
4 0.104688 0.714815 0.128125 0.288889
4 0.341667 0.677778 0.104167 0.274074
4 0.727604 0.193519 0.057292 0.083333
