0 0.586458 0.502778 0.112500 0.168519
0 0.767708 0.713889 0.156250 0.279630
0 0.546875 0.217593 0.118750 0.075926
0 0.651563 0.182407 0.119792 0.090741
0 0.784896 0.225926 0.140625 0.096296
0 0.801562 0.156481 0.113542 0.075926
0 0.951562 0.162037 0.096875 0.079630
0 0.690104 0.037963 0.026042 0.046296
0 0.729688 0.045370 0.042708 0.038889
2 0.577083 0.522222 0.037500 0.022222
3 0.680208 0.547222 0.041667 0.183333
4 0.592187 0.067593 0.021875 0.046296
4 0.606771 0.063889 0.021875 0.046296
4 0.618229 0.056481 0.021875 0.046296
