0 0.319792 0.852778 0.133333 0.209259
0 0.444271 0.820370 0.128125 0.233333
0 0.513542 0.958333 0.154167 0.083333
0 0.637500 0.645370 0.104167 0.153704
0 0.469271 0.457407 0.130208 0.088889
0 0.265625 0.445370 0.133333 0.083333
0 0.656771 0.356481 0.086458 0.075926
0 0.503646 0.301852 0.034375 0.048148
0 0.543229 0.336111 0.048958 0.064815
0 0.508854 0.265741 0.026042 0.042593
0 0.460938 0.262037 0.023958 0.042593
0 0.460417 0.200926 0.016667 0.020370
0 0.497396 0.218519 0.013542 0.022222
2 0.308854 0.899074 0.038542 0.024074
2 0.070312 0.944444 0.015625 0.018519
2 0.432812 0.898148 0.042708 0.022222
2 0.605208 0.765741 0.010417 0.012963
2 0.654687 0.660185 0.028125 0.012963
2 0.757292 0.955556 0.014583 0.025926
3 0.076563 0.893519 0.040625 0.205556
3 0.264583 0.660185 0.047917 0.142593
3 0.369271 0.637963 0.053125 0.161111
3 0.598958 0.518519 0.037500 0.129630
3 0.719792 0.613889 0.037500 0.116667
3 0.445833 0.303704 0.014583 0.055556
3 0.473958 0.288889 0.012500 0.040741
4 0.217708 0.760185 0.097917 0.183333
4 0.579688 0.713889 0.073958 0.209259
4 0.659896 0.903704 0.126042 0.192593
6 0.169271 0.863889 0.153125 0.250000
6 0.745313 0.827778 0.142708 0.340741
