0 0.315625 0.848148 0.133333 0.207407
0 0.445312 0.820370 0.134375 0.229630
0 0.513542 0.960185 0.154167 0.079630
0 0.635417 0.625926 0.104167 0.155556
0 0.503125 0.284259 0.029167 0.042593
0 0.485417 0.268519 0.018750 0.029630
0 0.460417 0.229630 0.014583 0.029630
0 0.503646 0.222222 0.015625 0.033333
0 0.719792 0.413889 0.104167 0.090741
0 0.767708 0.449074 0.125000 0.087037
2 0.071354 0.944444 0.019792 0.018519
2 0.309896 0.898148 0.040625 0.025926
2 0.432292 0.897222 0.039583 0.020370
2 0.645833 0.642593 0.027083 0.018519
2 0.756771 0.950926 0.015625 0.020370
3 0.076563 0.892593 0.038542 0.203704
3 0.262500 0.659259 0.054167 0.144444
3 0.371875 0.638889 0.060417 0.155556
3 0.607812 0.503704 0.048958 0.092593
3 0.453125 0.246296 0.012500 0.025926
3 0.468750 0.250000 0.008333 0.025926
4 0.216667 0.748148 0.100000 0.177778
4 0.579167 0.696296 0.072917 0.203704
4 0.657292 0.905556 0.125000 0.188889
5 0.526042 0.421296 0.293750 0.224074
6 0.172396 0.875000 0.148958 0.250000
6 0.743229 0.826852 0.148958 0.335185
