0 0.552604 0.687963 0.142708 0.246296
0 0.510417 0.876852 0.160417 0.246296
0 0.800000 0.852778 0.212500 0.294444
0 0.743750 0.611111 0.131250 0.214815
0 0.635417 0.472222 0.108333 0.166667
0 0.052604 0.200000 0.057292 0.077778
0 0.029687 0.165741 0.057292 0.090741
2 0.143750 0.754630 0.020833 0.024074
2 0.212500 0.665741 0.016667 0.020370
2 0.375521 0.750000 0.013542 0.022222
2 0.515625 0.960185 0.058333 0.031481
2 0.553646 0.727778 0.038542 0.018519
2 0.628646 0.484259 0.034375 0.016667
2 0.749479 0.679630 0.026042 0.022222
2 0.822396 0.918519 0.051042 0.033333
3 0.225000 0.631481 0.056250 0.218519
3 0.803646 0.375000 0.036458 0.109259
4 0.342708 0.680556 0.114583 0.279630
4 0.109896 0.687963 0.121875 0.272222
4 0.648438 0.203704 0.063542 0.088889
