0 0.284375 0.714815 0.137500 0.240741
0 0.642188 0.672222 0.138542 0.188889
0 0.651563 0.878704 0.190625 0.242593
0 0.830729 0.830556 0.148958 0.261111
0 0.571354 0.349074 0.176042 0.101852
0 0.634896 0.253704 0.092708 0.066667
0 0.620313 0.222222 0.078125 0.055556
0 0.403646 0.196296 0.036458 0.062963
0 0.330208 0.149074 0.037500 0.053704
0 0.381250 0.171296 0.043750 0.057407
0 0.266667 0.167593 0.064583 0.057407
0 0.166667 0.181481 0.072917 0.059259
0 0.485938 0.187037 0.026042 0.055556
0 0.486979 0.143519 0.028125 0.038889
1 0.684375 0.960185 0.047917 0.020370
1 0.654167 0.729630 0.037500 0.022222
2 0.464062 0.889815 0.023958 0.031481
2 0.280208 0.751852 0.041667 0.018519
2 0.107813 0.803704 0.019792 0.018519
3 0.111979 0.756481 0.063542 0.238889
3 0.232292 0.622222 0.060417 0.177778
3 0.427083 0.534259 0.077083 0.161111
3 0.553646 0.681481 0.032292 0.196296
3 0.734896 0.633333 0.057292 0.166667
3 0.968750 0.922222 0.062500 0.148148
4 0.446354 0.179630 0.021875 0.051852
4 0.455729 0.200926 0.034375 0.068519
6 0.467708 0.743519 0.141667 0.357407
6 0.522396 0.211111 0.067708 0.096296
