0 0.243750 0.791667 0.206250 0.283333
0 0.410938 0.852778 0.201042 0.294444
0 0.658333 0.817593 0.172917 0.298148
0 0.885417 0.911111 0.216667 0.177778
0 0.852083 0.718519 0.158333 0.225926
0 0.701042 0.632407 0.131250 0.220370
0 0.458333 0.650926 0.129167 0.183333
0 0.338021 0.604630 0.171875 0.220370
0 0.566667 0.276852 0.168750 0.120370
0 0.883333 0.276852 0.075000 0.105556
0 0.845833 0.162037 0.087500 0.079630
0 0.729167 0.217593 0.070833 0.090741
0 0.698438 0.138889 0.053125 0.062963
0 0.696354 0.034259 0.026042 0.035185
1 0.382812 0.931481 0.048958 0.018519
1 0.641667 0.876852 0.047917 0.024074
2 0.864062 0.781481 0.046875 0.022222
2 0.695833 0.670370 0.033333 0.014815
2 0.301042 0.630556 0.033333 0.012963
3 0.226042 0.887963 0.085417 0.224074
3 0.563021 0.540741 0.055208 0.188889
3 0.652083 0.502778 0.060417 0.183333
3 0.790104 0.456481 0.051042 0.150000
3 0.809896 0.504630 0.048958 0.187037
3 0.688021 0.184259 0.040625 0.079630
4 0.609896 0.065741 0.021875 0.050000
4 0.621875 0.060185 0.016667 0.046296
4 0.629687 0.052778 0.015625 0.042593
5 0.541146 0.162037 0.178125 0.135185
