0 0.242188 0.793519 0.205208 0.283333
0 0.404167 0.860185 0.202083 0.279630
0 0.656771 0.813889 0.176042 0.290741
0 0.888021 0.908333 0.223958 0.175926
0 0.854167 0.716667 0.160417 0.225926
0 0.697917 0.632407 0.129167 0.227778
0 0.457813 0.673148 0.126042 0.231481
0 0.337500 0.602778 0.168750 0.220370
0 0.840104 0.268519 0.182292 0.122222
0 0.709375 0.195370 0.110417 0.079630
0 0.690625 0.085185 0.033333 0.059259
0 0.578646 0.202778 0.101042 0.072222
1 0.375521 0.950926 0.046875 0.020370
1 0.641667 0.875926 0.047917 0.025926
1 0.865104 0.781481 0.046875 0.018519
2 0.694792 0.668519 0.033333 0.018519
2 0.303125 0.630556 0.033333 0.012963
2 0.555729 0.738889 0.015625 0.014815
3 0.227083 0.888889 0.077083 0.222222
3 0.558854 0.690741 0.053125 0.229630
3 0.583854 0.596296 0.053125 0.203704
3 0.813542 0.504630 0.054167 0.175926
3 0.792188 0.457407 0.051042 0.162963
3 0.654687 0.239815 0.044792 0.079630
4 0.611458 0.064815 0.020833 0.044444
4 0.621354 0.059259 0.017708 0.040741
4 0.626563 0.054630 0.017708 0.046296
5 0.538021 0.150000 0.173958 0.122222
