0 0.583854 0.520370 0.123958 0.181481
0 0.766667 0.844444 0.187500 0.311111
0 0.650000 0.223148 0.133333 0.094444
0 0.551562 0.187037 0.107292 0.077778
0 0.684896 0.161111 0.113542 0.074074
0 0.847917 0.171296 0.129167 0.094444
0 0.873958 0.225000 0.120833 0.098148
0 0.691667 0.041667 0.031250 0.046296
0 0.740625 0.045370 0.041667 0.038889
2 0.566667 0.539815 0.033333 0.016667
3 0.657292 0.618519 0.054167 0.211111
4 0.592708 0.069444 0.018750 0.046296
4 0.607292 0.063889 0.018750 0.046296
4 0.619792 0.058333 0.018750 0.046296
