0 0.320312 0.850000 0.138542 0.211111
0 0.443750 0.813889 0.135417 0.216667
0 0.511979 0.960185 0.159375 0.079630
0 0.657813 0.690741 0.109375 0.170370
0 0.281771 0.440741 0.119792 0.088889
0 0.547396 0.463889 0.148958 0.090741
0 0.690104 0.448148 0.138542 0.085185
0 0.545312 0.337963 0.055208 0.061111
0 0.465625 0.280556 0.027083 0.042593
0 0.513021 0.292593 0.030208 0.048148
0 0.497396 0.235185 0.017708 0.037037
2 0.309375 0.901852 0.037500 0.022222
2 0.433333 0.897222 0.035417 0.020370
2 0.755729 0.950000 0.017708 0.014815
3 0.080208 0.892593 0.031250 0.192593
3 0.260417 0.658333 0.054167 0.142593
3 0.370312 0.637963 0.059375 0.157407
3 0.233333 0.469444 0.062500 0.090741
3 0.489063 0.483333 0.067708 0.107407
3 0.602083 0.544444 0.033333 0.100000
3 0.489583 0.312037 0.016667 0.057407
3 0.529167 0.346296 0.018750 0.059259
4 0.216667 0.766667 0.089583 0.196296
4 0.576042 0.740741 0.075000 0.211111
4 0.657292 0.904630 0.122917 0.190741
6 0.171354 0.875000 0.146875 0.250000
6 0.747396 0.810185 0.142708 0.312963
