0 0.221354 0.666667 0.142708 0.218519
0 0.359896 0.675000 0.107292 0.272222
0 0.378125 0.512037 0.106250 0.138889
0 0.541146 0.482407 0.086458 0.105556
0 0.608333 0.634259 0.097917 0.224074
0 0.579688 0.949074 0.188542 0.101852
0 0.776563 0.871296 0.253125 0.257407
0 0.642708 0.465741 0.095833 0.135185
0 0.573958 0.211111 0.062500 0.051852
0 0.627083 0.308333 0.075000 0.087037
0 0.809375 0.243519 0.064583 0.057407
2 0.199479 0.688889 0.034375 0.014815
2 0.353125 0.722222 0.039583 0.018519
2 0.566146 0.763889 0.017708 0.024074
2 0.827083 0.992593 0.050000 0.014815
2 0.614583 0.654630 0.035417 0.024074
3 0.686979 0.578704 0.042708 0.194444
3 0.878125 0.787963 0.066667 0.224074
3 0.391667 0.169444 0.012500 0.046296
3 0.350000 0.165741 0.014583 0.046296
3 0.846354 0.251852 0.026042 0.070370
4 0.764583 0.647222 0.112500 0.205556
4 0.711979 0.321296 0.048958 0.101852
4 0.703646 0.262963 0.053125 0.077778
4 0.833854 0.169444 0.023958 0.050000
4 0.356771 0.127778 0.013542 0.029630
5 0.869792 0.155556 0.050000 0.081481
5 0.944271 0.213889 0.107292 0.131481
6 0.514062 0.714815 0.140625 0.366667
