0 0.583854 0.510185 0.117708 0.183333
0 0.768229 0.779630 0.171875 0.311111
0 0.604688 0.186111 0.111458 0.079630
0 0.712500 0.224074 0.137500 0.092593
0 0.742708 0.163889 0.112500 0.094444
0 0.890104 0.164815 0.109375 0.100000
0 0.947917 0.231481 0.104167 0.107407
0 0.690625 0.035185 0.029167 0.051852
0 0.734375 0.043519 0.041667 0.042593
2 0.572396 0.532407 0.038542 0.020370
3 0.672396 0.578704 0.046875 0.201852
4 0.591146 0.072222 0.021875 0.051852
4 0.605729 0.061111 0.019792 0.040741
4 0.621354 0.056481 0.015625 0.042593
