0 0.208854 0.698148 0.157292 0.222222
0 0.354687 0.722222 0.117708 0.329630
0 0.368229 0.528704 0.107292 0.142593
0 0.548958 0.501852 0.100000 0.111111
0 0.618229 0.657407 0.113542 0.225926
0 0.796875 0.887037 0.268750 0.225926
0 0.648438 0.479630 0.101042 0.137037
0 0.602083 0.313889 0.077083 0.098148
0 0.596875 0.207407 0.060417 0.055556
0 0.783333 0.248148 0.054167 0.059259
2 0.183854 0.723148 0.036458 0.012963
2 0.353646 0.762037 0.038542 0.020370
2 0.573958 0.793519 0.020833 0.024074
2 0.626042 0.680556 0.031250 0.012963
3 0.695312 0.589815 0.038542 0.194444
3 0.899479 0.819444 0.067708 0.224074
3 0.352604 0.166667 0.011458 0.048148
3 0.394271 0.175000 0.015625 0.046296
4 0.781250 0.670370 0.114583 0.203704
4 0.688021 0.332407 0.057292 0.109259
4 0.673958 0.262963 0.050000 0.081481
4 0.357812 0.132407 0.015625 0.038889
4 0.831771 0.167593 0.021875 0.046296
5 0.867188 0.154630 0.055208 0.072222
5 0.929688 0.220370 0.140625 0.137037
6 0.525000 0.736111 0.150000 0.375926
