0 0.333854 0.785185 0.123958 0.322222
0 0.496875 0.765741 0.131250 0.261111
0 0.611979 0.546296 0.117708 0.159259
1 0.335417 0.848148 0.045833 0.022222
3 0.334375 0.501852 0.033333 0.144444
3 0.404687 0.515741 0.038542 0.157407
3 0.456771 0.489815 0.044792 0.153704
3 0.507292 0.498148 0.037500 0.144444
4 0.756250 0.647222 0.100000 0.242593
4 0.170833 0.797222 0.116667 0.290741
4 0.478125 0.877778 0.114583 0.244444
4 0.378646 0.175000 0.026042 0.050000
6 0.895833 0.264815 0.208333 0.174074
6 0.929167 0.146296 0.047917 0.088889
