0 0.286458 0.716667 0.137500 0.244444
0 0.653646 0.879630 0.192708 0.240741
0 0.826562 0.837037 0.157292 0.266667
0 0.643229 0.673148 0.136458 0.190741
0 0.468750 0.342593 0.177083 0.100000
0 0.168229 0.184259 0.073958 0.061111
0 0.294792 0.169444 0.064583 0.053704
0 0.601562 0.250000 0.090625 0.066667
0 0.594792 0.214815 0.079167 0.048148
0 0.330729 0.149074 0.036458 0.053704
0 0.402083 0.194444 0.033333 0.059259
0 0.390104 0.170370 0.040625 0.048148
0 0.495312 0.145370 0.026042 0.035185
0 0.525521 0.157407 0.032292 0.037037
1 0.683333 0.960185 0.050000 0.020370
2 0.463542 0.887963 0.020833 0.031481
2 0.279167 0.749074 0.041667 0.016667
2 0.654167 0.730556 0.037500 0.020370
2 0.109375 0.762963 0.016667 0.018519
3 0.116667 0.715741 0.064583 0.216667
3 0.279167 0.561111 0.070833 0.088889
3 0.478125 0.502778 0.062500 0.124074
3 0.552604 0.679630 0.034375 0.188889
3 0.734375 0.632407 0.056250 0.172222
3 0.969271 0.922222 0.061458 0.144444
3 0.423958 0.158333 0.010417 0.042593
3 0.463542 0.164815 0.014583 0.048148
4 0.448437 0.202778 0.034375 0.064815
4 0.447917 0.164815 0.025000 0.022222
6 0.467708 0.747222 0.137500 0.364815
6 0.505729 0.205556 0.053125 0.096296
