0 0.279167 0.512037 0.108333 0.168519
0 0.377604 0.528704 0.088542 0.209259
0 0.412500 0.466667 0.083333 0.151852
0 0.528125 0.850926 0.170833 0.279630
0 0.568229 0.521296 0.076042 0.175926
0 0.559896 0.381481 0.069792 0.096296
0 0.666146 0.688889 0.159375 0.233333
0 0.479167 0.237037 0.060417 0.066667
0 0.688021 0.384259 0.098958 0.109259
0 0.973437 0.227778 0.046875 0.055556
2 0.260937 0.521296 0.026042 0.012963
2 0.372396 0.564815 0.028125 0.022222
2 0.550521 0.925926 0.042708 0.018519
2 0.692708 0.737963 0.037500 0.024074
3 0.147396 0.745370 0.055208 0.246296
3 0.741667 0.602778 0.041667 0.168519
3 0.375000 0.151852 0.010417 0.040741
3 0.343229 0.158333 0.013542 0.050000
4 0.676562 0.507407 0.080208 0.125926
4 0.894271 0.268519 0.053125 0.081481
4 0.882292 0.231481 0.052083 0.062963
5 0.868750 0.150926 0.050000 0.064815
6 0.494271 0.575000 0.107292 0.287037
