0 0.240625 0.791667 0.204167 0.275926
0 0.408854 0.850000 0.203125 0.288889
0 0.656771 0.813889 0.176042 0.294444
0 0.883854 0.910185 0.217708 0.179630
0 0.853646 0.717593 0.157292 0.224074
0 0.698438 0.632407 0.132292 0.220370
0 0.338542 0.600926 0.170833 0.216667
0 0.458854 0.651852 0.123958 0.177778
0 0.768750 0.250000 0.137500 0.096296
0 0.743750 0.200926 0.079167 0.075926
0 0.792708 0.162963 0.091667 0.070370
0 0.937500 0.254630 0.122917 0.124074
0 0.687500 0.058333 0.027083 0.046296
1 0.382812 0.931481 0.048958 0.029630
1 0.640104 0.876852 0.044792 0.024074
1 0.864583 0.781481 0.045833 0.022222
2 0.302604 0.627778 0.036458 0.022222
3 0.226562 0.888889 0.082292 0.222222
3 0.573958 0.625926 0.062500 0.207407
3 0.590625 0.542593 0.045833 0.177778
3 0.811458 0.501852 0.043750 0.181481
3 0.783854 0.453704 0.036458 0.155556
3 0.640625 0.239815 0.047917 0.098148
3 0.680729 0.178704 0.042708 0.083333
4 0.608854 0.066667 0.017708 0.044444
4 0.622396 0.061111 0.013542 0.048148
4 0.629687 0.050926 0.015625 0.042593
5 0.540625 0.164815 0.166667 0.144444
