0 0.316667 0.851852 0.137500 0.211111
0 0.444792 0.818519 0.129167 0.229630
0 0.513021 0.958333 0.155208 0.083333
0 0.650521 0.683333 0.113542 0.162963
0 0.432292 0.458333 0.137500 0.090741
0 0.572917 0.441667 0.135417 0.083333
0 0.761458 0.454630 0.131250 0.090741
0 0.651042 0.364815 0.077083 0.062963
0 0.463021 0.275000 0.028125 0.038889
0 0.509375 0.280556 0.025000 0.046296
0 0.523958 0.327778 0.041667 0.051852
0 0.498958 0.230556 0.014583 0.027778
0 0.483333 0.215741 0.014583 0.027778
2 0.308333 0.897222 0.037500 0.020370
2 0.433854 0.895370 0.036458 0.016667
2 0.756771 0.951852 0.013542 0.018519
3 0.077604 0.895370 0.034375 0.198148
3 0.262500 0.660185 0.047917 0.150000
3 0.368229 0.634259 0.051042 0.153704
3 0.373437 0.482407 0.063542 0.098148
3 0.483333 0.303704 0.014583 0.044444
3 0.490104 0.336111 0.015625 0.050000
3 0.600000 0.525000 0.033333 0.124074
3 0.714063 0.596296 0.028125 0.114815
4 0.214583 0.749074 0.087500 0.172222
4 0.581771 0.727778 0.080208 0.203704
4 0.661979 0.907407 0.119792 0.185185
6 0.170833 0.875926 0.152083 0.248148
6 0.743750 0.823148 0.139583 0.324074
