0 0.337500 0.790741 0.135417 0.322222
0 0.517188 0.873148 0.153125 0.253704
0 0.612500 0.547222 0.114583 0.164815
0 0.391146 0.167593 0.042708 0.053704
0 0.953125 0.283333 0.093750 0.081481
0 0.515625 0.186111 0.052083 0.053704
0 0.611979 0.229630 0.069792 0.048148
0 0.877083 0.169444 0.037500 0.053704
1 0.334896 0.846296 0.040625 0.018519
1 0.530729 0.954630 0.044792 0.024074
2 0.196875 0.961111 0.020833 0.022222
2 0.768229 0.948148 0.017708 0.018519
3 0.202604 0.885185 0.071875 0.229630
3 0.219792 0.650926 0.043750 0.187037
3 0.302604 0.337037 0.057292 0.088889
3 0.504687 0.502778 0.040625 0.153704
3 0.590104 0.743519 0.059375 0.220370
3 0.751563 0.869444 0.073958 0.250000
3 0.392188 0.264815 0.023958 0.081481
4 0.785937 0.699074 0.113542 0.261111
4 0.432292 0.166667 0.022917 0.062963
4 0.846875 0.174074 0.022917 0.051852
6 0.573438 0.341667 0.184375 0.168519
6 0.928646 0.149074 0.048958 0.105556
