0 0.322396 0.850926 0.136458 0.212963
0 0.443750 0.815741 0.133333 0.224074
0 0.516146 0.960185 0.161458 0.079630
0 0.638542 0.626852 0.102083 0.142593
0 0.237500 0.470370 0.075000 0.088889
0 0.242708 0.425000 0.077083 0.075926
0 0.503125 0.287963 0.031250 0.050000
0 0.485417 0.271296 0.018750 0.035185
0 0.505729 0.225926 0.017708 0.033333
0 0.499479 0.253704 0.017708 0.014815
0 0.459896 0.232407 0.017708 0.031481
2 0.070312 0.945370 0.015625 0.016667
2 0.309896 0.901852 0.040625 0.022222
2 0.433854 0.895370 0.038542 0.024074
2 0.645312 0.644444 0.028125 0.011111
2 0.756771 0.950000 0.013542 0.014815
3 0.078125 0.893519 0.041667 0.205556
3 0.261979 0.662963 0.046875 0.155556
3 0.365104 0.636111 0.046875 0.153704
3 0.609375 0.503704 0.050000 0.103704
3 0.447396 0.249074 0.009375 0.031481
3 0.468229 0.254630 0.005208 0.031481
4 0.219792 0.764815 0.100000 0.200000
4 0.582292 0.693519 0.075000 0.205556
4 0.659375 0.902778 0.127083 0.194444
5 0.596875 0.413889 0.293750 0.220370
6 0.171354 0.874074 0.146875 0.251852
6 0.744271 0.822222 0.140625 0.329630
