0 0.550000 0.405556 0.116667 0.151852
0 0.541667 0.847222 0.185417 0.305556
0 0.773438 0.532407 0.128125 0.201852
0 0.582812 0.222222 0.157292 0.092593
0 0.667708 0.197222 0.097917 0.075926
0 0.753646 0.212963 0.123958 0.092593
0 0.896354 0.187037 0.092708 0.092593
0 0.714583 0.042593 0.027083 0.044444
0 0.746875 0.049074 0.043750 0.038889
1 0.549479 0.979630 0.057292 0.025926
2 0.570312 0.422222 0.030208 0.014815
3 0.693750 0.450000 0.045833 0.166667
4 0.733333 0.162037 0.060417 0.050000
4 0.593229 0.069444 0.019792 0.053704
4 0.606250 0.063889 0.018750 0.046296
4 0.622917 0.054630 0.018750 0.046296
