0 0.575521 0.450926 0.101042 0.157407
0 0.765104 0.587037 0.140625 0.218519
0 0.581771 0.212037 0.103125 0.075926
0 0.707812 0.195370 0.084375 0.079630
0 0.773958 0.216667 0.127083 0.092593
0 0.847917 0.174074 0.127083 0.081481
0 0.948958 0.201852 0.102083 0.077778
0 0.713021 0.037037 0.021875 0.040741
0 0.732812 0.044444 0.040625 0.040741
2 0.586458 0.468519 0.033333 0.018519
3 0.689583 0.477778 0.043750 0.166667
4 0.594792 0.070370 0.020833 0.044444
4 0.605208 0.064815 0.020833 0.044444
4 0.621875 0.053704 0.020833 0.044444
