0 0.549479 0.686111 0.134375 0.250000
0 0.139063 0.232407 0.128125 0.090741
0 0.033333 0.154630 0.058333 0.072222
0 0.045833 0.200000 0.043750 0.077778
0 0.102604 0.150926 0.051042 0.057407
0 0.134375 0.137037 0.041667 0.055556
0 0.511458 0.877778 0.160417 0.244444
0 0.797917 0.852778 0.210417 0.294444
0 0.742188 0.608333 0.130208 0.220370
0 0.636979 0.470370 0.107292 0.170370
0 0.456250 0.054630 0.020833 0.031481
2 0.211458 0.667593 0.014583 0.016667
2 0.374479 0.751852 0.015625 0.018519
2 0.516667 0.959259 0.060417 0.033333
2 0.551042 0.729630 0.041667 0.022222
2 0.628646 0.483333 0.040625 0.018519
2 0.760938 0.677778 0.038542 0.022222
2 0.822917 0.919444 0.056250 0.031481
3 0.222396 0.633333 0.053125 0.222222
3 0.538542 0.391667 0.052083 0.146296
3 0.802083 0.376852 0.039583 0.105556
4 0.085417 0.212037 0.075000 0.087037
4 0.343750 0.676852 0.106250 0.283333
4 0.979688 0.135185 0.036458 0.070370
