0 0.115625 0.880556 0.222917 0.238889
0 0.327083 0.675926 0.133333 0.229630
0 0.344271 0.853704 0.161458 0.292593
0 0.597917 0.611111 0.139583 0.170370
0 0.646354 0.749074 0.142708 0.257407
0 0.667708 0.553704 0.114583 0.174074
0 0.475521 0.380556 0.082292 0.120370
0 0.629687 0.283333 0.076042 0.077778
0 0.746875 0.340741 0.077083 0.103704
1 0.067187 0.975000 0.053125 0.020370
2 0.678646 0.771296 0.038542 0.020370
2 0.318229 0.693519 0.040625 0.020370
3 0.950000 0.881481 0.093750 0.188889
3 0.409896 0.207407 0.023958 0.062963
4 0.847396 0.790741 0.144792 0.288889
4 0.536979 0.425926 0.063542 0.148148
4 0.531771 0.300926 0.051042 0.094444
4 0.364583 0.140741 0.018750 0.037037
4 0.903646 0.167593 0.017708 0.046296
5 0.783333 0.235185 0.175000 0.148148
5 0.867188 0.151852 0.051042 0.085185
6 0.574479 0.852778 0.198958 0.294444
