0 0.550000 0.689815 0.141667 0.257407
0 0.511458 0.878704 0.160417 0.242593
0 0.796354 0.851852 0.209375 0.296296
0 0.744271 0.612037 0.130208 0.220370
0 0.636458 0.472222 0.106250 0.170370
0 0.051562 0.200926 0.059375 0.087037
0 0.031771 0.162037 0.055208 0.087037
2 0.125521 0.900000 0.021875 0.022222
2 0.211979 0.665741 0.015625 0.016667
2 0.375000 0.750926 0.014583 0.020370
2 0.517708 0.957407 0.056250 0.022222
2 0.554167 0.731481 0.039583 0.018519
2 0.627604 0.483333 0.038542 0.018519
2 0.760417 0.675926 0.035417 0.022222
2 0.811979 0.916667 0.036458 0.025926
3 0.225521 0.631481 0.057292 0.222222
3 0.801562 0.373148 0.036458 0.101852
4 0.089583 0.811111 0.143750 0.325926
4 0.339583 0.672222 0.114583 0.274074
4 0.861979 0.165741 0.042708 0.087037
