0 0.550521 0.691667 0.136458 0.264815
0 0.510938 0.878704 0.165625 0.242593
0 0.634896 0.469444 0.105208 0.168519
0 0.744271 0.612963 0.130208 0.222222
0 0.795312 0.853704 0.209375 0.292593
0 0.053646 0.195370 0.055208 0.090741
0 0.459896 0.051852 0.017708 0.025926
0 0.029167 0.155556 0.052083 0.066667
2 0.213021 0.668519 0.011458 0.018519
2 0.376042 0.751852 0.016667 0.022222
2 0.515625 0.958333 0.062500 0.027778
2 0.554167 0.730556 0.039583 0.016667
2 0.628646 0.482407 0.034375 0.016667
2 0.759375 0.678704 0.039583 0.020370
2 0.822396 0.919444 0.051042 0.031481
3 0.226042 0.630556 0.060417 0.224074
3 0.747396 0.344444 0.061458 0.129630
3 0.801562 0.375926 0.036458 0.107407
4 0.072917 0.857407 0.139583 0.285185
4 0.342187 0.684259 0.109375 0.253704
4 0.911458 0.160185 0.047917 0.072222
