0 0.132292 0.859259 0.220833 0.281481
0 0.335938 0.637037 0.128125 0.200000
0 0.348958 0.836111 0.150000 0.327778
0 0.590104 0.592593 0.134375 0.151852
0 0.645833 0.737037 0.145833 0.270370
0 0.664583 0.548148 0.114583 0.181481
0 0.495312 0.364815 0.076042 0.118519
0 0.656250 0.275000 0.068750 0.072222
0 0.788542 0.323148 0.077083 0.094444
0 0.700000 0.197222 0.056250 0.057407
2 0.094271 0.925000 0.048958 0.027778
2 0.342187 0.949074 0.048958 0.016667
2 0.670312 0.758333 0.038542 0.024074
3 0.741146 0.651852 0.046875 0.229630
3 0.407813 0.194444 0.021875 0.055556
3 0.361458 0.176852 0.016667 0.050000
3 0.639583 0.294444 0.035417 0.077778
4 0.560417 0.408333 0.068750 0.150000
4 0.839583 0.772222 0.145833 0.270370
4 0.555729 0.297222 0.055208 0.101852
4 0.362500 0.136111 0.014583 0.038889
4 0.906250 0.162963 0.027083 0.044444
5 0.864583 0.140741 0.052083 0.044444
5 0.813542 0.228704 0.179167 0.146296
6 0.563542 0.836111 0.195833 0.327778
