0 0.336458 0.787037 0.127083 0.314815
0 0.525000 0.896296 0.162500 0.207407
0 0.613542 0.549074 0.114583 0.161111
0 0.406771 0.176852 0.051042 0.057407
0 0.940625 0.352778 0.118750 0.101852
0 0.876042 0.171296 0.033333 0.042593
1 0.333854 0.846296 0.048958 0.022222
3 0.630729 0.822222 0.069792 0.240741
3 0.205208 0.701852 0.054167 0.200000
3 0.503646 0.498148 0.044792 0.137037
3 0.804688 0.913889 0.086458 0.172222
3 0.434375 0.343519 0.056250 0.098148
3 0.346354 0.137037 0.009375 0.033333
3 0.376042 0.148148 0.014583 0.040741
3 0.464062 0.165741 0.017708 0.050000
3 0.726562 0.225926 0.032292 0.062963
4 0.797396 0.721296 0.121875 0.257407
4 0.444271 0.175926 0.023958 0.059259
4 0.356250 0.109259 0.010417 0.025926
4 0.847396 0.177778 0.023958 0.048148
6 0.713542 0.351852 0.189583 0.162963
6 0.926042 0.149074 0.047917 0.098148
6 0.822917 0.263889 0.122917 0.105556
