0 0.241146 0.792593 0.205208 0.277778
0 0.411458 0.853704 0.197917 0.292593
0 0.657813 0.812963 0.178125 0.288889
0 0.887500 0.910185 0.225000 0.175926
0 0.855208 0.718519 0.162500 0.225926
0 0.697917 0.629630 0.131250 0.214815
0 0.458333 0.650926 0.125000 0.187037
0 0.336979 0.599074 0.169792 0.209259
0 0.585417 0.285185 0.172917 0.118519
0 0.701042 0.266667 0.097917 0.092593
0 0.736458 0.195370 0.100000 0.079630
0 0.576042 0.194444 0.102083 0.059259
0 0.686458 0.074074 0.029167 0.048148
1 0.383333 0.928704 0.043750 0.024074
1 0.639583 0.874074 0.045833 0.025926
1 0.864062 0.782407 0.046875 0.020370
2 0.694792 0.669444 0.035417 0.016667
2 0.559896 0.710185 0.013542 0.016667
2 0.302083 0.632407 0.031250 0.016667
3 0.226562 0.888889 0.076042 0.222222
3 0.561979 0.666667 0.057292 0.229630
3 0.593229 0.572222 0.055208 0.200000
3 0.809896 0.502778 0.046875 0.183333
3 0.785937 0.454630 0.034375 0.157407
4 0.609375 0.062037 0.016667 0.050000
4 0.622917 0.059259 0.012500 0.048148
4 0.629167 0.055556 0.012500 0.048148
5 0.537500 0.147222 0.170833 0.109259
