0 0.242188 0.791667 0.205208 0.272222
0 0.409896 0.848148 0.196875 0.285185
0 0.657292 0.816667 0.175000 0.292593
0 0.882812 0.910185 0.215625 0.179630
0 0.852604 0.716667 0.163542 0.222222
0 0.696875 0.628704 0.133333 0.216667
0 0.457813 0.648148 0.123958 0.174074
0 0.338542 0.600000 0.164583 0.214815
0 0.651563 0.258333 0.140625 0.098148
0 0.746875 0.207407 0.075000 0.088889
0 0.760938 0.157407 0.088542 0.066667
0 0.883333 0.251852 0.179167 0.122222
0 0.690104 0.048148 0.026042 0.040741
1 0.381250 0.933333 0.047917 0.022222
1 0.642188 0.873148 0.046875 0.024074
1 0.865625 0.782407 0.050000 0.020370
2 0.302604 0.632407 0.036458 0.020370
3 0.223958 0.886111 0.079167 0.227778
3 0.571875 0.614815 0.058333 0.214815
3 0.602604 0.544444 0.048958 0.196296
3 0.810417 0.504630 0.050000 0.190741
3 0.783854 0.449074 0.030208 0.157407
3 0.685937 0.175926 0.040625 0.077778
4 0.610417 0.062963 0.020833 0.048148
4 0.620833 0.054630 0.014583 0.046296
4 0.633333 0.053704 0.010417 0.044444
5 0.541146 0.162963 0.167708 0.155556
