0 0.244792 0.794444 0.210417 0.285185
0 0.412500 0.851852 0.200000 0.296296
0 0.656771 0.812037 0.169792 0.279630
0 0.336979 0.600000 0.165625 0.214815
0 0.453646 0.650000 0.121875 0.177778
0 0.698438 0.635185 0.136458 0.225926
0 0.853125 0.718519 0.160417 0.229630
0 0.886458 0.912037 0.218750 0.175926
0 0.433854 0.293519 0.167708 0.109259
0 0.516146 0.275926 0.080208 0.085185
0 0.743229 0.204630 0.096875 0.094444
0 0.841667 0.167593 0.104167 0.075926
0 0.685417 0.065741 0.025000 0.042593
1 0.383854 0.929630 0.046875 0.025926
1 0.640625 0.874074 0.047917 0.025926
1 0.864583 0.781481 0.047917 0.022222
2 0.302083 0.628704 0.035417 0.020370
2 0.564063 0.687963 0.011458 0.020370
3 0.225521 0.890741 0.078125 0.218519
3 0.566667 0.643519 0.050000 0.216667
3 0.586979 0.555556 0.046875 0.185185
3 0.812500 0.505556 0.058333 0.188889
3 0.789583 0.458333 0.045833 0.157407
3 0.642708 0.240741 0.050000 0.088889
4 0.607812 0.062037 0.021875 0.042593
4 0.620313 0.056481 0.019792 0.042593
4 0.630208 0.055556 0.012500 0.044444
5 0.539583 0.166667 0.183333 0.148148
