0 0.319271 0.849074 0.136458 0.205556
0 0.444792 0.809259 0.133333 0.218519
0 0.512500 0.962963 0.160417 0.074074
0 0.644792 0.661111 0.122917 0.151852
0 0.304167 0.460185 0.147917 0.083333
0 0.444271 0.441667 0.134375 0.094444
0 0.636458 0.460185 0.125000 0.087037
0 0.754687 0.363889 0.101042 0.075926
0 0.596354 0.355556 0.065625 0.059259
0 0.515104 0.313889 0.038542 0.046296
0 0.508854 0.271296 0.023958 0.031481
0 0.462500 0.267593 0.027083 0.046296
0 0.496875 0.223148 0.016667 0.027778
0 0.461458 0.200926 0.014583 0.027778
0 0.483854 0.208333 0.013542 0.024074
2 0.308333 0.900926 0.041667 0.027778
2 0.070833 0.942593 0.016667 0.014815
2 0.434375 0.898148 0.037500 0.022222
2 0.757812 0.950000 0.013542 0.011111
3 0.077083 0.892593 0.041667 0.196296
3 0.368750 0.638889 0.052083 0.148148
3 0.262500 0.656481 0.052083 0.150000
3 0.261458 0.488889 0.079167 0.096296
3 0.598437 0.536111 0.036458 0.109259
3 0.609375 0.507407 0.035417 0.096296
3 0.713021 0.601852 0.028125 0.111111
3 0.464062 0.316667 0.011458 0.051852
3 0.477604 0.300000 0.009375 0.044444
4 0.215625 0.763889 0.093750 0.198148
4 0.580729 0.725000 0.080208 0.212963
4 0.663542 0.906481 0.116667 0.187037
6 0.168229 0.875926 0.151042 0.248148
6 0.745313 0.824074 0.142708 0.333333
