0 0.285417 0.720370 0.137500 0.248148
0 0.642708 0.672222 0.139583 0.192593
0 0.653125 0.878704 0.189583 0.242593
0 0.830208 0.837963 0.154167 0.275926
0 0.168229 0.181481 0.071875 0.059259
0 0.249479 0.169444 0.065625 0.053704
0 0.331771 0.150000 0.038542 0.055556
0 0.376042 0.172222 0.045833 0.048148
0 0.404687 0.196296 0.038542 0.066667
0 0.610417 0.350926 0.152083 0.105556
0 0.646875 0.259259 0.087500 0.066667
0 0.635417 0.225000 0.081250 0.061111
0 0.485938 0.186111 0.034375 0.057407
0 0.518229 0.160185 0.026042 0.038889
0 0.479687 0.146296 0.023958 0.040741
1 0.683333 0.960185 0.047917 0.027778
1 0.656250 0.732407 0.039583 0.020370
2 0.280208 0.750926 0.039583 0.020370
2 0.465625 0.887037 0.020833 0.029630
3 0.108854 0.777778 0.063542 0.248148
3 0.214062 0.633333 0.053125 0.185185
3 0.405208 0.544444 0.085417 0.162963
3 0.552604 0.681481 0.040625 0.196296
3 0.731250 0.626852 0.052083 0.161111
3 0.967187 0.924074 0.059375 0.151852
4 0.448958 0.184259 0.022917 0.053704
4 0.465625 0.206481 0.041667 0.061111
6 0.466146 0.742593 0.140625 0.370370
6 0.536979 0.211111 0.069792 0.096296
