0 0.244271 0.797222 0.205208 0.287037
0 0.409896 0.853704 0.201042 0.292593
0 0.658333 0.817593 0.172917 0.298148
0 0.885417 0.912037 0.216667 0.175926
0 0.854688 0.717593 0.161458 0.224074
0 0.697917 0.632407 0.131250 0.220370
0 0.459375 0.648148 0.125000 0.181481
0 0.337500 0.600000 0.168750 0.211111
0 0.517708 0.280556 0.164583 0.112963
0 0.728125 0.219444 0.077083 0.094444
0 0.821875 0.158333 0.097917 0.083333
0 0.837500 0.289815 0.077083 0.105556
0 0.694271 0.134259 0.051042 0.061111
0 0.694792 0.030556 0.020833 0.031481
1 0.641146 0.874074 0.048958 0.029630
1 0.381771 0.932407 0.046875 0.020370
2 0.865625 0.783333 0.047917 0.022222
2 0.695833 0.667593 0.037500 0.020370
2 0.302083 0.629630 0.035417 0.011111
3 0.225000 0.887963 0.085417 0.224074
3 0.570312 0.531481 0.053125 0.181481
3 0.660937 0.496296 0.063542 0.174074
3 0.812500 0.503704 0.054167 0.185185
3 0.789583 0.455556 0.041667 0.151852
3 0.689063 0.178704 0.040625 0.083333
4 0.610938 0.065741 0.019792 0.046296
4 0.619792 0.056481 0.018750 0.046296
4 0.630208 0.053704 0.010417 0.040741
5 0.540104 0.161111 0.178125 0.148148
