0 0.320833 0.848148 0.135417 0.211111
0 0.440625 0.813889 0.131250 0.231481
0 0.514062 0.961111 0.169792 0.077778
0 0.633333 0.624074 0.100000 0.137037
0 0.697917 0.453704 0.122917 0.088889
0 0.773438 0.416667 0.094792 0.074074
0 0.536458 0.327778 0.054167 0.066667
0 0.498437 0.303704 0.032292 0.048148
0 0.459896 0.250926 0.017708 0.038889
0 0.503646 0.242593 0.023958 0.033333
2 0.070312 0.946296 0.011458 0.018519
2 0.307812 0.899074 0.034375 0.020370
2 0.431771 0.900926 0.038542 0.024074
2 0.758854 0.950926 0.013542 0.016667
2 0.643229 0.643519 0.021875 0.016667
3 0.078646 0.890741 0.038542 0.200000
3 0.258333 0.661111 0.052083 0.144444
3 0.366146 0.633333 0.059375 0.159259
3 0.610417 0.500926 0.045833 0.101852
3 0.713021 0.595370 0.032292 0.124074
3 0.438021 0.272222 0.015625 0.040741
3 0.470313 0.270370 0.009375 0.040741
4 0.218229 0.760185 0.092708 0.198148
4 0.581771 0.700926 0.069792 0.220370
4 0.660937 0.904630 0.121875 0.190741
4 0.467708 0.455556 0.083333 0.096296
4 0.544271 0.475000 0.086458 0.101852
6 0.170833 0.875926 0.145833 0.248148
6 0.746875 0.830556 0.139583 0.331481
