0 0.335417 0.788889 0.122917 0.311111
0 0.498958 0.767593 0.127083 0.264815
0 0.608854 0.549074 0.109375 0.161111
0 0.366146 0.138889 0.023958 0.040741
0 0.510417 0.191667 0.047917 0.061111
0 0.587500 0.204630 0.052083 0.057407
0 0.879687 0.174074 0.040625 0.048148
1 0.335417 0.850000 0.045833 0.022222
3 0.333854 0.501852 0.032292 0.140741
3 0.385937 0.544444 0.053125 0.170370
3 0.454167 0.502778 0.037500 0.146296
3 0.506250 0.498148 0.039583 0.148148
3 0.655729 0.362963 0.059375 0.107407
4 0.749479 0.643519 0.101042 0.231481
4 0.143229 0.881481 0.128125 0.237037
4 0.487500 0.890741 0.122917 0.218519
4 0.399479 0.181481 0.032292 0.059259
4 0.874479 0.286111 0.065625 0.094444
6 0.927083 0.154630 0.045833 0.101852
6 0.457813 0.192593 0.053125 0.085185
