0 0.332813 0.791667 0.128125 0.327778
0 0.497917 0.776852 0.131250 0.272222
0 0.609375 0.542593 0.116667 0.155556
0 0.214583 0.317593 0.112500 0.101852
0 0.365625 0.146296 0.025000 0.044444
0 0.572396 0.211111 0.044792 0.059259
0 0.652083 0.212963 0.060417 0.055556
0 0.877083 0.167593 0.033333 0.042593
1 0.333854 0.849074 0.042708 0.020370
2 0.509375 0.804630 0.039583 0.020370
3 0.335417 0.565741 0.058333 0.116667
3 0.467187 0.537963 0.038542 0.168519
3 0.505729 0.497222 0.044792 0.150000
3 0.586458 0.614815 0.039583 0.177778
3 0.499479 0.327778 0.036458 0.100000
4 0.750000 0.639815 0.104167 0.231481
4 0.495833 0.921296 0.131250 0.157407
4 0.437500 0.198148 0.029167 0.062963
4 0.404687 0.159259 0.023958 0.048148
4 0.850521 0.295370 0.063542 0.090741
4 0.848958 0.175926 0.020833 0.048148
6 0.508333 0.201852 0.060417 0.088889
6 0.925521 0.146296 0.048958 0.100000
