0 0.142708 0.837037 0.214583 0.274074
0 0.340104 0.629630 0.117708 0.203704
0 0.346875 0.829630 0.141667 0.340741
0 0.582812 0.586111 0.132292 0.146296
0 0.644792 0.726852 0.139583 0.253704
0 0.665104 0.534259 0.113542 0.164815
0 0.504687 0.360185 0.078125 0.116667
0 0.668750 0.269444 0.070833 0.068519
0 0.808854 0.314815 0.080208 0.085185
0 0.690625 0.192593 0.060417 0.051852
2 0.103125 0.900000 0.050000 0.022222
2 0.344792 0.927778 0.047917 0.025926
2 0.618229 0.962963 0.026042 0.033333
2 0.663021 0.750000 0.044792 0.018519
3 0.740104 0.648148 0.040625 0.211111
3 0.405729 0.191667 0.015625 0.053704
3 0.660417 0.287963 0.027083 0.079630
4 0.838542 0.762037 0.131250 0.257407
4 0.571875 0.392593 0.066667 0.125926
4 0.570833 0.293519 0.052083 0.098148
4 0.360938 0.137963 0.015625 0.038889
5 0.826562 0.224074 0.190625 0.140741
6 0.552604 0.826852 0.182292 0.346296
