0 0.331250 0.371296 0.116667 0.157407
0 0.459896 0.355556 0.126042 0.155556
0 0.448958 0.496296 0.120833 0.196296
0 0.581771 0.418519 0.088542 0.159259
0 0.415104 0.098148 0.090625 0.085185
0 0.516146 0.128704 0.103125 0.083333
2 0.317188 0.376852 0.028125 0.016667
2 0.446354 0.512037 0.034375 0.020370
2 0.590625 0.462037 0.029167 0.024074
0 0.359896 0.236111 0.157292 0.124074
3 0.543229 0.352778 0.040625 0.164815
3 0.881771 0.389815 0.042708 0.164815
3 0.919792 0.322222 0.037500 0.151852
4 0.465104 0.210185 0.059375 0.109259
4 0.946875 0.160185 0.093750 0.098148
