0 0.389062 0.827778 0.153125 0.285185
1 0.394271 0.885185 0.046875 0.022222
2 0.213542 0.661111 0.014583 0.022222
3 0.172917 0.362963 0.027083 0.118519
3 0.183854 0.327778 0.073958 0.118519
3 0.539062 0.337037 0.059375 0.107407
3 0.633854 0.250000 0.034375 0.077778
3 0.551042 0.204630 0.025000 0.053704
3 0.566146 0.213889 0.028125 0.061111
3 0.590104 0.207407 0.032292 0.055556
3 0.442188 0.147222 0.009375 0.046296
4 0.185938 0.604630 0.086458 0.231481
4 0.471875 0.177778 0.022917 0.055556
5 0.207813 0.135185 0.176042 0.111111
