0 0.285417 0.718519 0.139583 0.251852
0 0.653125 0.878704 0.195833 0.242593
0 0.648438 0.679630 0.144792 0.200000
0 0.831250 0.829630 0.152083 0.262963
0 0.223958 0.323148 0.152083 0.116667
0 0.167187 0.185185 0.076042 0.059259
0 0.476562 0.218519 0.067708 0.062963
0 0.581771 0.224074 0.069792 0.051852
0 0.364063 0.173148 0.055208 0.050000
0 0.327083 0.150926 0.035417 0.057407
0 0.503646 0.195370 0.044792 0.057407
1 0.682813 0.960185 0.051042 0.027778
2 0.656250 0.730556 0.039583 0.020370
2 0.280208 0.751852 0.039583 0.018519
2 0.465104 0.889815 0.023958 0.035185
2 0.156250 0.634259 0.016667 0.016667
3 0.170313 0.599074 0.063542 0.190741
3 0.553646 0.686111 0.032292 0.198148
3 0.735938 0.637037 0.063542 0.188889
3 0.583854 0.439815 0.030208 0.135185
3 0.538542 0.223148 0.031250 0.061111
3 0.632292 0.236111 0.037500 0.068519
4 0.476562 0.165741 0.028125 0.050000
6 0.428125 0.181481 0.039583 0.092593
6 0.467187 0.750000 0.140625 0.377778
