0 0.336458 0.784259 0.125000 0.316667
0 0.498958 0.766667 0.129167 0.262963
0 0.613021 0.550926 0.115625 0.164815
0 0.533854 0.201852 0.051042 0.059259
0 0.365104 0.143519 0.026042 0.046296
0 0.608333 0.208333 0.058333 0.057407
1 0.334896 0.849074 0.044792 0.020370
3 0.101562 0.778704 0.063542 0.209259
3 0.330729 0.508333 0.038542 0.150000
3 0.365625 0.557407 0.045833 0.151852
3 0.459375 0.515741 0.041667 0.153704
3 0.503646 0.497222 0.046875 0.157407
3 0.579167 0.346296 0.045833 0.096296
3 0.610938 0.611111 0.059375 0.162963
4 0.491146 0.900926 0.128125 0.198148
4 0.132812 0.913889 0.136458 0.172222
4 0.753125 0.642593 0.108333 0.229630
4 0.410938 0.187963 0.034375 0.061111
4 0.390104 0.156481 0.019792 0.046296
4 0.945312 0.298148 0.069792 0.088889
4 0.850000 0.175000 0.020833 0.053704
6 0.477083 0.195370 0.054167 0.083333
6 0.928125 0.154630 0.050000 0.105556
