0 0.285417 0.721296 0.141667 0.253704
0 0.652604 0.879630 0.190625 0.240741
0 0.827083 0.845370 0.160417 0.287037
0 0.644271 0.670370 0.134375 0.188889
0 0.385937 0.331481 0.146875 0.111111
0 0.165625 0.181481 0.075000 0.059259
0 0.497917 0.224074 0.070833 0.062963
0 0.623437 0.229630 0.076042 0.062963
0 0.354687 0.172222 0.055208 0.051852
0 0.328125 0.148148 0.037500 0.048148
0 0.409375 0.181481 0.031250 0.055556
0 0.531771 0.131481 0.019792 0.033333
0 0.486979 0.187963 0.032292 0.046296
0 0.507292 0.171296 0.031250 0.038889
1 0.682813 0.958333 0.048958 0.024074
1 0.654687 0.730556 0.040625 0.016667
2 0.279687 0.750000 0.042708 0.018519
2 0.463021 0.888889 0.026042 0.029630
3 0.161458 0.612963 0.062500 0.196296
3 0.551562 0.694444 0.030208 0.162963
3 0.561458 0.567593 0.081250 0.150000
3 0.573958 0.453704 0.035417 0.137037
3 0.732812 0.638889 0.057292 0.185185
3 0.578646 0.229630 0.030208 0.055556
3 0.545312 0.219444 0.021875 0.068519
6 0.443229 0.188889 0.042708 0.092593
6 0.469271 0.748148 0.136458 0.374074
