0 0.449479 0.497222 0.130208 0.201852
0 0.339583 0.359259 0.125000 0.151852
0 0.225000 0.246296 0.191667 0.151852
0 0.464583 0.348148 0.133333 0.148148
0 0.584375 0.415741 0.091667 0.164815
0 0.480729 0.909259 0.209375 0.181481
0 0.403646 0.126852 0.119792 0.087037
0 0.507812 0.119444 0.128125 0.098148
2 0.320312 0.366667 0.028125 0.022222
2 0.447396 0.512963 0.034375 0.018519
3 0.875000 0.371296 0.041667 0.157407
3 0.927083 0.314815 0.035417 0.151852
3 0.544792 0.349074 0.039583 0.150000
4 0.413542 0.229630 0.081250 0.114815
