0 0.332813 0.363889 0.113542 0.161111
0 0.454688 0.349074 0.119792 0.146296
0 0.438542 0.492593 0.106250 0.188889
0 0.582812 0.417593 0.090625 0.168519
0 0.322917 0.246296 0.177083 0.133333
0 0.608854 0.138889 0.107292 0.077778
0 0.387500 0.113889 0.118750 0.087037
0 0.479167 0.097222 0.097917 0.075926
0 0.922396 0.178704 0.117708 0.109259
2 0.319792 0.373148 0.033333 0.016667
3 0.448958 0.513889 0.035417 0.024074
3 0.881771 0.386111 0.044792 0.168519
3 0.546354 0.347222 0.038542 0.150000
4 0.445312 0.222222 0.063542 0.122222
