0 0.251563 0.568519 0.115625 0.181481
0 0.368750 0.573148 0.087500 0.238889
0 0.402083 0.482407 0.093750 0.153704
0 0.581250 0.562963 0.077083 0.192593
0 0.538542 0.418519 0.068750 0.103704
0 0.551042 0.885185 0.189583 0.229630
0 0.696354 0.754630 0.180208 0.272222
0 0.660417 0.419444 0.089583 0.135185
0 0.513021 0.226852 0.057292 0.064815
0 0.705729 0.277778 0.055208 0.077778
0 0.920833 0.236111 0.072917 0.061111
0 0.936458 0.167593 0.056250 0.038889
2 0.240104 0.579630 0.032292 0.014815
2 0.365625 0.612037 0.033333 0.016667
2 0.544271 0.672222 0.017708 0.029630
2 0.727083 0.812963 0.041667 0.018519
3 0.106771 0.855556 0.057292 0.288889
3 0.777083 0.655556 0.060417 0.196296
3 0.381771 0.156481 0.013542 0.050000
3 0.346354 0.161111 0.013542 0.048148
4 0.702604 0.551852 0.092708 0.144444
4 0.826042 0.275000 0.056250 0.075926
4 0.811458 0.243519 0.047917 0.072222
4 0.834375 0.167593 0.025000 0.046296
5 0.870313 0.152778 0.053125 0.075926
6 0.500521 0.623148 0.123958 0.305556
