0 0.551562 0.690741 0.144792 0.259259
0 0.513542 0.878704 0.164583 0.242593
0 0.742708 0.612037 0.131250 0.227778
0 0.794792 0.850926 0.208333 0.298148
0 0.636458 0.470370 0.110417 0.166667
0 0.050000 0.197222 0.054167 0.079630
0 0.176042 0.231481 0.129167 0.088889
0 0.034896 0.164815 0.059375 0.088889
0 0.098437 0.146296 0.055208 0.051852
0 0.129688 0.137037 0.051042 0.051852
2 0.206771 0.672222 0.017708 0.018519
2 0.375000 0.747222 0.016667 0.020370
2 0.551042 0.729630 0.035417 0.022222
2 0.516146 0.959259 0.053125 0.022222
2 0.627083 0.486111 0.037500 0.016667
2 0.759375 0.678704 0.035417 0.020370
2 0.817187 0.913889 0.051042 0.024074
3 0.223958 0.639815 0.052083 0.224074
3 0.506250 0.406481 0.050000 0.146296
3 0.799479 0.390741 0.036458 0.129630
4 0.343750 0.676852 0.116667 0.275926
4 0.986458 0.125926 0.027083 0.074074
4 0.112500 0.207407 0.072917 0.085185
