0 0.320312 0.850926 0.136458 0.209259
0 0.444792 0.816667 0.135417 0.222222
0 0.510938 0.962037 0.159375 0.075926
0 0.635417 0.628704 0.100000 0.150000
0 0.236979 0.465741 0.071875 0.094444
0 0.557813 0.335185 0.065625 0.066667
0 0.506250 0.310185 0.033333 0.046296
0 0.455729 0.251852 0.017708 0.037037
0 0.504687 0.250000 0.017708 0.029630
0 0.497396 0.214815 0.015625 0.025926
2 0.071875 0.942593 0.012500 0.018519
2 0.309896 0.899074 0.040625 0.020370
2 0.432812 0.897222 0.036458 0.020370
2 0.607292 0.757407 0.012500 0.014815
2 0.648958 0.645370 0.027083 0.020370
2 0.759896 0.950000 0.017708 0.022222
3 0.080729 0.898148 0.038542 0.203704
3 0.260937 0.662963 0.053125 0.148148
3 0.367708 0.637963 0.058333 0.153704
3 0.721354 0.607407 0.038542 0.129630
3 0.438021 0.279630 0.011458 0.044444
3 0.472396 0.276852 0.013542 0.038889
4 0.215104 0.758333 0.094792 0.187037
4 0.581771 0.702778 0.076042 0.209259
4 0.661458 0.903704 0.127083 0.185185
4 0.553646 0.455556 0.080208 0.103704
4 0.614062 0.474074 0.082292 0.096296
6 0.173437 0.876852 0.153125 0.246296
6 0.748437 0.818519 0.140625 0.311111
