0 0.195833 0.727778 0.168750 0.233333
0 0.359375 0.542593 0.106250 0.155556
0 0.352083 0.749074 0.120833 0.335185
0 0.556771 0.520370 0.105208 0.111111
0 0.630208 0.677778 0.110417 0.222222
0 0.811458 0.897222 0.277083 0.205556
0 0.652604 0.498148 0.107292 0.148148
0 0.578125 0.326852 0.077083 0.101852
0 0.618750 0.204630 0.054167 0.053704
2 0.167187 0.761111 0.038542 0.018519
2 0.351042 0.803704 0.041667 0.014815
2 0.583854 0.824074 0.021875 0.025926
2 0.640625 0.702778 0.039583 0.020370
3 0.398438 0.175926 0.011458 0.048148
3 0.355208 0.167593 0.008333 0.050000
3 0.708854 0.607407 0.038542 0.211111
3 0.915625 0.840741 0.091667 0.211111
4 0.798438 0.695370 0.123958 0.220370
4 0.656250 0.346296 0.058333 0.111111
4 0.357292 0.127778 0.014583 0.033333
4 0.647917 0.265741 0.054167 0.072222
4 0.832292 0.166667 0.018750 0.048148
5 0.912500 0.213889 0.170833 0.138889
5 0.865625 0.139815 0.050000 0.046296
6 0.522917 0.763889 0.160417 0.394444
