0 0.569792 0.557407 0.137500 0.188889
0 0.536458 0.186111 0.114583 0.068519
0 0.625000 0.212963 0.112500 0.081481
0 0.691667 0.163889 0.108333 0.090741
0 0.788542 0.192593 0.106250 0.081481
0 0.816146 0.227778 0.132292 0.100000
0 0.913021 0.165741 0.142708 0.087037
0 0.685417 0.049074 0.029167 0.031481
0 0.728125 0.049074 0.031250 0.038889
0 0.753646 0.049074 0.038542 0.046296
2 0.543229 0.580556 0.040625 0.020370
4 0.593750 0.069444 0.020833 0.046296
4 0.607292 0.066667 0.018750 0.040741
4 0.618750 0.055556 0.018750 0.040741
