0 0.335938 0.791667 0.126042 0.316667
0 0.501563 0.779630 0.132292 0.262963
0 0.611458 0.550926 0.118750 0.164815
0 0.266667 0.322222 0.118750 0.096296
0 0.367188 0.147222 0.030208 0.046296
0 0.595313 0.214815 0.057292 0.066667
0 0.470833 0.169444 0.033333 0.046296
0 0.671875 0.222222 0.070833 0.055556
0 0.879167 0.169444 0.033333 0.050000
1 0.335938 0.847222 0.044792 0.024074
2 0.510938 0.810185 0.040625 0.020370
3 0.332813 0.507407 0.046875 0.114815
3 0.472396 0.546296 0.042708 0.155556
3 0.506250 0.497222 0.033333 0.146296
3 0.585938 0.628704 0.042708 0.183333
3 0.479167 0.316667 0.035417 0.088889
4 0.750000 0.645370 0.104167 0.231481
4 0.498958 0.931481 0.133333 0.137037
4 0.445312 0.194444 0.032292 0.059259
4 0.412500 0.165741 0.022917 0.050000
4 0.395313 0.146296 0.017708 0.048148
4 0.880729 0.300926 0.071875 0.094444
6 0.928646 0.151852 0.048958 0.103704
6 0.517708 0.208333 0.056250 0.090741
