0 0.312500 0.734259 0.147917 0.246296
0 0.096875 0.918519 0.191667 0.162963
0 0.620833 0.636111 0.156250 0.172222
0 0.672917 0.789815 0.160417 0.272222
0 0.672396 0.555556 0.121875 0.174074
0 0.433333 0.406481 0.087500 0.127778
0 0.669792 0.370370 0.083333 0.118519
0 0.575000 0.292593 0.070833 0.077778
2 0.300000 0.764815 0.039583 0.018519
2 0.701042 0.821296 0.043750 0.012963
3 0.410938 0.216667 0.017708 0.062963
3 0.367708 0.184259 0.012500 0.053704
4 0.504687 0.473148 0.061458 0.164815
4 0.479167 0.319444 0.060417 0.105556
4 0.856250 0.810185 0.139583 0.301852
4 0.368750 0.147222 0.018750 0.038889
4 0.904167 0.168519 0.020833 0.044444
4 0.833333 0.167593 0.025000 0.046296
5 0.727604 0.247222 0.173958 0.161111
5 0.868229 0.155556 0.053125 0.081481
6 0.606771 0.910185 0.219792 0.179630
