0 0.241667 0.790741 0.206250 0.277778
0 0.411458 0.851852 0.204167 0.288889
0 0.659896 0.817593 0.173958 0.301852
0 0.883333 0.910185 0.220833 0.179630
0 0.853646 0.714815 0.163542 0.225926
0 0.696875 0.628704 0.131250 0.220370
0 0.460938 0.653704 0.126042 0.185185
0 0.339062 0.602778 0.169792 0.216667
0 0.657292 0.271296 0.170833 0.124074
0 0.741667 0.216667 0.054167 0.096296
0 0.709896 0.144444 0.063542 0.062963
0 0.693750 0.035185 0.022917 0.040741
1 0.383854 0.930556 0.046875 0.020370
1 0.641146 0.874074 0.048958 0.022222
1 0.864062 0.779630 0.051042 0.022222
2 0.303646 0.631481 0.034375 0.022222
3 0.223438 0.887963 0.080208 0.224074
3 0.558854 0.565741 0.051042 0.194444
3 0.635417 0.517593 0.064583 0.183333
3 0.789583 0.458333 0.041667 0.161111
3 0.811458 0.500926 0.064583 0.175926
3 0.690104 0.175926 0.038542 0.066667
3 0.582292 0.243519 0.043750 0.068519
4 0.609896 0.063889 0.021875 0.050000
4 0.621875 0.057407 0.018750 0.044444
4 0.630208 0.052778 0.012500 0.042593
5 0.540104 0.162037 0.178125 0.135185
