0 0.568229 0.430556 0.103125 0.153704
0 0.765625 0.562963 0.135417 0.225926
0 0.530729 0.217593 0.121875 0.090741
0 0.661458 0.213889 0.116667 0.083333
0 0.794271 0.194444 0.082292 0.088889
0 0.875000 0.222222 0.129167 0.100000
0 0.937500 0.168519 0.122917 0.092593
0 0.722396 0.046296 0.032292 0.044444
0 0.757292 0.050000 0.033333 0.044444
2 0.579688 0.443519 0.034375 0.020370
3 0.690104 0.460185 0.038542 0.175926
4 0.593229 0.068519 0.021875 0.048148
4 0.608333 0.061111 0.016667 0.055556
4 0.625521 0.053704 0.013542 0.048148
