0 0.522917 0.806481 0.164583 0.357407
0 0.532292 0.395370 0.116667 0.135185
0 0.773438 0.512963 0.128125 0.196296
0 0.630729 0.223148 0.151042 0.105556
0 0.716146 0.193519 0.111458 0.083333
0 0.820312 0.212037 0.123958 0.087037
0 0.708333 0.039815 0.025000 0.038889
0 0.738021 0.049074 0.046875 0.031481
1 0.532813 0.873148 0.046875 0.024074
2 0.557292 0.404630 0.025000 0.016667
3 0.692187 0.445370 0.036458 0.153704
4 0.592708 0.069444 0.020833 0.050000
4 0.606771 0.067593 0.013542 0.050000
4 0.629687 0.054630 0.028125 0.050000
4 0.785417 0.155556 0.058333 0.048148
