0 0.287500 0.719444 0.141667 0.246296
0 0.642188 0.671296 0.132292 0.183333
0 0.654167 0.877778 0.191667 0.244444
0 0.828646 0.822222 0.151042 0.244444
0 0.520833 0.342593 0.170833 0.100000
0 0.169792 0.181481 0.070833 0.059259
0 0.281771 0.168519 0.065625 0.051852
0 0.329688 0.148148 0.036458 0.051852
0 0.384896 0.171296 0.038542 0.057407
0 0.403646 0.195370 0.036458 0.057407
0 0.483854 0.183333 0.030208 0.055556
0 0.618229 0.251852 0.096875 0.062963
0 0.606771 0.215741 0.078125 0.050000
0 0.493750 0.139815 0.031250 0.035185
1 0.683854 0.962037 0.057292 0.020370
2 0.657292 0.729630 0.039583 0.022222
2 0.465104 0.888889 0.023958 0.037037
2 0.280208 0.750000 0.043750 0.022222
3 0.112500 0.735185 0.062500 0.225926
3 0.251563 0.610185 0.065625 0.164815
3 0.453646 0.506481 0.067708 0.120370
3 0.551562 0.680556 0.034375 0.198148
3 0.732812 0.632407 0.057292 0.172222
3 0.970313 0.919444 0.059375 0.135185
4 0.447917 0.174074 0.025000 0.040741
4 0.451042 0.206481 0.035417 0.064815
6 0.510938 0.208333 0.067708 0.094444
6 0.466667 0.747222 0.137500 0.375926
