0 0.286458 0.722222 0.139583 0.251852
0 0.654167 0.880556 0.189583 0.238889
0 0.828646 0.837037 0.155208 0.277778
0 0.647917 0.672222 0.139583 0.192593
0 0.437500 0.333333 0.147917 0.107407
0 0.169792 0.182407 0.070833 0.064815
0 0.352604 0.171296 0.057292 0.057407
0 0.328646 0.148148 0.034375 0.048148
0 0.639062 0.230556 0.073958 0.057407
0 0.506771 0.225926 0.073958 0.062963
0 0.408333 0.184259 0.035417 0.061111
0 0.527083 0.200000 0.052083 0.048148
0 0.486979 0.186111 0.028125 0.038889
1 0.682292 0.960185 0.050000 0.024074
1 0.654167 0.730556 0.037500 0.020370
2 0.280208 0.750000 0.039583 0.018519
2 0.464583 0.887963 0.022917 0.031481
3 0.154688 0.617593 0.057292 0.190741
3 0.551562 0.690741 0.032292 0.200000
3 0.540625 0.577778 0.095833 0.170370
3 0.568750 0.458333 0.033333 0.138889
3 0.734375 0.637963 0.058333 0.190741
3 0.966667 0.912963 0.066667 0.137037
3 0.557292 0.222222 0.027083 0.062963
3 0.593229 0.232407 0.030208 0.064815
6 0.469271 0.750926 0.138542 0.372222
6 0.446875 0.191667 0.043750 0.094444
