0 0.286458 0.719444 0.137500 0.246296
0 0.653125 0.879630 0.191667 0.240741
0 0.645312 0.673148 0.138542 0.187037
0 0.825000 0.835185 0.156250 0.270370
0 0.140104 0.160185 0.044792 0.042593
0 0.166667 0.180556 0.075000 0.057407
0 0.330729 0.172222 0.059375 0.055556
0 0.330208 0.136111 0.033333 0.027778
0 0.410938 0.191667 0.034375 0.042593
0 0.427083 0.206481 0.054167 0.064815
0 0.498958 0.194444 0.033333 0.048148
0 0.606250 0.225926 0.035417 0.048148
0 0.507292 0.166667 0.033333 0.040741
0 0.495833 0.142593 0.027083 0.029630
0 0.539583 0.155556 0.031250 0.048148
1 0.683854 0.960185 0.048958 0.020370
1 0.654167 0.729630 0.037500 0.022222
2 0.463021 0.887963 0.021875 0.027778
2 0.278646 0.749074 0.042708 0.016667
2 0.150000 0.758333 0.018750 0.016667
2 0.747917 0.676852 0.010417 0.016667
2 0.548958 0.731481 0.012500 0.018519
3 0.132812 0.908333 0.088542 0.183333
3 0.159896 0.715741 0.053125 0.224074
3 0.240625 0.603704 0.060417 0.177778
3 0.553125 0.683333 0.033333 0.196296
3 0.730729 0.638889 0.053125 0.185185
3 0.969792 0.921296 0.060417 0.153704
3 0.260937 0.186111 0.030208 0.050000
3 0.383854 0.167593 0.019792 0.046296
3 0.489063 0.212037 0.023958 0.057407
4 0.466667 0.197222 0.031250 0.064815
4 0.532292 0.222222 0.047917 0.070370
6 0.459375 0.739815 0.158333 0.357407
6 0.645833 0.229630 0.079167 0.100000
