0 0.162500 0.259259 0.172917 0.140741
0 0.328646 0.374074 0.111458 0.155556
0 0.451562 0.496296 0.128125 0.200000
0 0.458854 0.357407 0.134375 0.155556
0 0.584896 0.420370 0.103125 0.166667
0 0.442188 0.215741 0.113542 0.150000
0 0.577604 0.149074 0.115625 0.094444
0 0.891146 0.153704 0.140625 0.081481
2 0.317188 0.382407 0.032292 0.024074
2 0.447917 0.512037 0.035417 0.016667
2 0.592187 0.458333 0.038542 0.016667
3 0.884896 0.386111 0.038542 0.157407
3 0.925521 0.325000 0.034375 0.138889
4 0.662500 0.142593 0.020833 0.085185
