0 0.334896 0.794444 0.126042 0.329630
0 0.498437 0.771296 0.132292 0.272222
0 0.609896 0.550000 0.115625 0.159259
0 0.364063 0.144444 0.028125 0.044444
0 0.548438 0.204630 0.057292 0.057407
0 0.448958 0.166667 0.033333 0.044444
0 0.621354 0.210185 0.061458 0.057407
0 0.876042 0.171296 0.031250 0.053704
1 0.335417 0.848148 0.041667 0.018519
2 0.510938 0.796296 0.042708 0.018519
3 0.088542 0.821296 0.068750 0.231481
3 0.334896 0.507407 0.046875 0.144444
3 0.460938 0.522222 0.040625 0.155556
3 0.504167 0.501852 0.045833 0.144444
3 0.602083 0.617593 0.060417 0.164815
3 0.547917 0.341667 0.054167 0.101852
4 0.932813 0.287963 0.063542 0.098148
4 0.489583 0.908333 0.129167 0.183333
4 0.752083 0.646296 0.106250 0.237037
4 0.417708 0.187037 0.029167 0.059259
4 0.394792 0.156481 0.022917 0.046296
4 0.790104 0.282407 0.057292 0.105556
4 0.850521 0.178704 0.023958 0.050000
6 0.486979 0.200926 0.055208 0.079630
6 0.928125 0.149074 0.047917 0.101852
