0 0.241146 0.795370 0.203125 0.279630
0 0.409896 0.850000 0.196875 0.288889
0 0.660417 0.816667 0.175000 0.296296
0 0.883333 0.910185 0.212500 0.179630
0 0.853125 0.715741 0.160417 0.224074
0 0.698958 0.634259 0.131250 0.224074
0 0.459896 0.650926 0.126042 0.183333
0 0.337500 0.599074 0.166667 0.209259
0 0.583854 0.279630 0.173958 0.122222
0 0.572396 0.194444 0.109375 0.062963
0 0.700000 0.269444 0.095833 0.098148
0 0.739062 0.199074 0.103125 0.079630
0 0.684896 0.072222 0.028125 0.048148
1 0.383854 0.931481 0.048958 0.022222
1 0.641146 0.873148 0.046875 0.027778
2 0.864062 0.782407 0.046875 0.024074
2 0.560937 0.712037 0.017708 0.020370
2 0.303646 0.629630 0.034375 0.018519
3 0.226562 0.888889 0.078125 0.222222
3 0.566667 0.666667 0.060417 0.229630
3 0.588542 0.573148 0.050000 0.201852
3 0.809896 0.504630 0.051042 0.183333
3 0.785937 0.456481 0.042708 0.153704
4 0.609896 0.062963 0.019792 0.048148
4 0.621354 0.058333 0.015625 0.050000
4 0.629687 0.054630 0.015625 0.046296
5 0.540104 0.146296 0.169792 0.111111
