0 0.244271 0.789815 0.205208 0.275926
0 0.411979 0.851852 0.198958 0.285185
0 0.657292 0.813889 0.172917 0.294444
0 0.884375 0.910185 0.210417 0.179630
0 0.855729 0.713889 0.161458 0.224074
0 0.698958 0.635185 0.135417 0.222222
0 0.457813 0.650926 0.123958 0.179630
0 0.339583 0.599074 0.170833 0.220370
0 0.686979 0.083333 0.036458 0.037037
0 0.684896 0.111111 0.034375 0.037037
0 0.793229 0.164815 0.084375 0.074074
1 0.382292 0.931481 0.050000 0.022222
1 0.640625 0.875926 0.047917 0.022222
1 0.864583 0.780556 0.045833 0.020370
2 0.302604 0.630556 0.036458 0.020370
3 0.226042 0.889815 0.081250 0.220370
3 0.690625 0.461111 0.064583 0.129630
3 0.734375 0.424074 0.070833 0.137037
3 0.787500 0.454630 0.037500 0.153704
3 0.811979 0.503704 0.046875 0.185185
3 0.845313 0.311111 0.082292 0.122222
4 0.608854 0.062963 0.019792 0.051852
4 0.618229 0.056481 0.019792 0.050000
4 0.630729 0.054630 0.011458 0.046296
5 0.548958 0.256481 0.416667 0.250000
