0 0.285938 0.718519 0.134375 0.248148
0 0.654687 0.877778 0.196875 0.244444
0 0.643750 0.675000 0.141667 0.194444
0 0.828125 0.824074 0.160417 0.244444
0 0.175000 0.320370 0.114583 0.103704
0 0.540104 0.336111 0.144792 0.105556
0 0.168750 0.179630 0.070833 0.062963
0 0.330208 0.144444 0.035417 0.044444
0 0.344271 0.171296 0.057292 0.057407
0 0.405208 0.187963 0.029167 0.053704
0 0.420312 0.170370 0.034375 0.048148
0 0.525000 0.229630 0.077083 0.066667
0 0.535417 0.204630 0.068750 0.050000
0 0.654167 0.236111 0.077083 0.057407
0 0.539583 0.151852 0.027083 0.040741
0 0.517188 0.133333 0.017708 0.029630
1 0.682813 0.955556 0.051042 0.025926
2 0.654687 0.731481 0.038542 0.022222
2 0.464583 0.887963 0.025000 0.027778
2 0.279687 0.750926 0.040625 0.020370
2 0.132292 0.679630 0.014583 0.014815
3 0.144792 0.637037 0.060417 0.200000
3 0.557292 0.470370 0.037500 0.144444
3 0.552083 0.687963 0.031250 0.205556
3 0.732812 0.630556 0.057292 0.175926
6 0.467708 0.755556 0.137500 0.385185
6 0.458333 0.197222 0.039583 0.098148
