0 0.160417 0.798148 0.195833 0.259259
0 0.348958 0.810185 0.133333 0.320370
0 0.343229 0.597222 0.121875 0.183333
0 0.572917 0.560185 0.120833 0.131481
0 0.643229 0.715741 0.132292 0.253704
0 0.666146 0.531481 0.115625 0.166667
0 0.850521 0.925926 0.282292 0.148148
0 0.528646 0.342593 0.082292 0.107407
0 0.666146 0.198148 0.059375 0.055556
0 0.696875 0.265741 0.079167 0.064815
0 0.848958 0.303704 0.072917 0.077778
2 0.126562 0.849074 0.040625 0.020370
2 0.347396 0.878704 0.038542 0.024074
2 0.605729 0.909259 0.023958 0.033333
2 0.656771 0.737037 0.040625 0.022222
3 0.732292 0.644444 0.045833 0.207407
3 0.402604 0.188889 0.019792 0.051852
3 0.356771 0.176852 0.015625 0.050000
4 0.824479 0.737963 0.130208 0.246296
4 0.599479 0.375926 0.071875 0.129630
4 0.596354 0.282407 0.057292 0.087037
4 0.360417 0.134259 0.016667 0.046296
5 0.863021 0.223148 0.190625 0.135185
5 0.867708 0.139815 0.052083 0.042593
6 0.542708 0.809259 0.177083 0.377778
