0 0.450521 0.495370 0.123958 0.198148
0 0.340625 0.359259 0.125000 0.144444
0 0.131250 0.254630 0.216667 0.153704
0 0.465625 0.350926 0.137500 0.157407
0 0.586458 0.425000 0.095833 0.172222
0 0.483333 0.846296 0.191667 0.296296
0 0.522396 0.140741 0.121875 0.092593
0 0.618229 0.122222 0.115625 0.088889
0 0.882812 0.137037 0.111458 0.085185
2 0.479687 0.914815 0.057292 0.025926
2 0.321875 0.361111 0.035417 0.018519
2 0.448958 0.510185 0.033333 0.016667
3 0.870313 0.357407 0.030208 0.170370
4 0.364583 0.231481 0.087500 0.122222
