0 0.394792 0.838889 0.156250 0.281481
0 0.144792 0.222222 0.056250 0.081481
1 0.397917 0.910185 0.045833 0.020370
2 0.214062 0.660185 0.013542 0.012963
3 0.170833 0.371296 0.031250 0.116667
3 0.214062 0.328704 0.067708 0.112963
3 0.583333 0.336111 0.060417 0.101852
3 0.432812 0.151852 0.015625 0.048148
3 0.568750 0.209259 0.025000 0.048148
3 0.582812 0.213889 0.028125 0.061111
3 0.608333 0.210185 0.033333 0.057407
3 0.662500 0.261111 0.043750 0.081481
4 0.185417 0.602778 0.085417 0.227778
4 0.473438 0.178704 0.026042 0.061111
5 0.197396 0.135185 0.159375 0.111111
