0 0.243229 0.788889 0.203125 0.277778
0 0.410417 0.852778 0.202083 0.294444
0 0.658333 0.815741 0.172917 0.298148
0 0.884896 0.910185 0.213542 0.179630
0 0.853125 0.716667 0.162500 0.222222
0 0.698438 0.632407 0.132292 0.220370
0 0.460417 0.649074 0.125000 0.175926
0 0.338021 0.607407 0.167708 0.218519
0 0.612500 0.275926 0.166667 0.122222
0 0.734375 0.217593 0.064583 0.090741
0 0.703646 0.142593 0.061458 0.062963
0 0.695312 0.033333 0.021875 0.037037
0 0.857812 0.166667 0.063542 0.077778
1 0.382812 0.932407 0.048958 0.020370
1 0.640625 0.875000 0.047917 0.024074
1 0.864583 0.783333 0.047917 0.025926
2 0.301563 0.628704 0.036458 0.016667
2 0.696354 0.669444 0.034375 0.016667
3 0.227604 0.887963 0.082292 0.220370
3 0.557813 0.553704 0.059375 0.188889
3 0.646354 0.508333 0.065625 0.179630
3 0.811979 0.504630 0.057292 0.179630
3 0.792708 0.454630 0.047917 0.150000
3 0.688542 0.185185 0.041667 0.077778
4 0.608854 0.065741 0.021875 0.050000
4 0.620833 0.058333 0.016667 0.042593
4 0.629687 0.053704 0.015625 0.051852
5 0.539062 0.159259 0.173958 0.129630
