0 0.316667 0.850000 0.131250 0.214815
0 0.443229 0.813889 0.126042 0.224074
0 0.512500 0.961111 0.162500 0.077778
0 0.638021 0.635185 0.105208 0.151852
0 0.384896 0.459259 0.128125 0.088889
0 0.619271 0.352778 0.088542 0.072222
0 0.459896 0.258333 0.021875 0.035185
0 0.504687 0.295370 0.026042 0.042593
0 0.526563 0.328704 0.040625 0.057407
0 0.505729 0.256481 0.021875 0.031481
0 0.460417 0.198148 0.012500 0.022222
0 0.496875 0.215741 0.012500 0.020370
2 0.069792 0.940741 0.016667 0.018519
2 0.308854 0.899074 0.036458 0.024074
2 0.433333 0.900000 0.039583 0.022222
2 0.606771 0.763889 0.011458 0.012963
2 0.649479 0.650926 0.026042 0.016667
2 0.755729 0.951852 0.017708 0.022222
3 0.080729 0.895370 0.040625 0.198148
3 0.263021 0.657407 0.048958 0.148148
3 0.369792 0.634259 0.054167 0.153704
3 0.596875 0.523148 0.033333 0.105556
3 0.611458 0.500926 0.041667 0.098148
3 0.717708 0.601852 0.033333 0.114815
3 0.439063 0.292593 0.013542 0.051852
3 0.474479 0.287037 0.015625 0.044444
4 0.215104 0.762037 0.096875 0.198148
4 0.578125 0.707407 0.077083 0.203704
4 0.659375 0.902778 0.125000 0.194444
4 0.731771 0.454630 0.080208 0.098148
4 0.748958 0.479630 0.075000 0.103704
6 0.166667 0.875000 0.147917 0.250000
6 0.743750 0.827778 0.145833 0.333333
