0 0.110417 0.884259 0.218750 0.231481
0 0.323437 0.688889 0.136458 0.233333
0 0.343750 0.865741 0.150000 0.268519
0 0.599479 0.617593 0.142708 0.168519
0 0.655208 0.764815 0.154167 0.277778
0 0.667188 0.556481 0.119792 0.183333
0 0.464583 0.387037 0.083333 0.122222
0 0.613021 0.287037 0.076042 0.077778
0 0.728125 0.342593 0.081250 0.111111
2 0.312500 0.710185 0.035417 0.024074
2 0.680729 0.785185 0.046875 0.022222
3 0.948438 0.894444 0.103125 0.207407
3 0.753125 0.664815 0.050000 0.233333
3 0.409375 0.203704 0.014583 0.062963
3 0.589063 0.311111 0.032292 0.081481
4 0.847396 0.796296 0.138542 0.288889
4 0.526042 0.436111 0.062500 0.150000
4 0.519271 0.307407 0.057292 0.103704
4 0.367188 0.142593 0.017708 0.048148
5 0.769792 0.230556 0.177083 0.164815
5 0.869271 0.154630 0.048958 0.083333
6 0.580208 0.867593 0.212500 0.264815
