0 0.548438 0.684259 0.138542 0.253704
0 0.510938 0.877778 0.157292 0.244444
0 0.797917 0.851852 0.206250 0.296296
0 0.742708 0.610185 0.129167 0.216667
0 0.634375 0.477778 0.106250 0.177778
0 0.051562 0.203704 0.059375 0.081481
0 0.030729 0.165741 0.053125 0.083333
2 0.143229 0.753704 0.019792 0.022222
2 0.213021 0.663889 0.011458 0.016667
2 0.368750 0.749074 0.000000 0.020370
2 0.515625 0.962963 0.056250 0.025926
2 0.554167 0.731481 0.041667 0.018519
2 0.630208 0.484259 0.031250 0.016667
2 0.759896 0.679630 0.036458 0.014815
2 0.820833 0.919444 0.054167 0.024074
3 0.227083 0.630556 0.060417 0.220370
3 0.803646 0.375000 0.034375 0.109259
4 0.108854 0.689815 0.117708 0.275926
4 0.342708 0.676852 0.108333 0.283333
4 0.618750 0.207407 0.064583 0.081481
